14.274893187134744
14.50402795365314
14.10769441983266
13.688023414277184
14.18818918403155
14.19422703645062
13.832106864716291
14.1983654513789
14.466198241757775
13.800290485378898
14.105439991527346
14.849662511214575
14.161368705165028
14.011426507125735
13.821388896251147
15.688383076169785
16.000913036928345
13.753917868882848
15.275523206246923
14.255981902606578
13.955958918638881
14.591060134596779
17.613416810208584
13.749335006754055
13.296357450344287
18.02253702861695
14.393009992720241
13.197349598979685
13.482858735326214
15.664356660655299
18.644194547423517
17.983299922551005
13.663340408933193
13.780076530665863
14.82513356287239
13.94307108329996
13.504936885781946
15.060049550906601
13.77542719052736
15.009152800774366
14.185849428537512
13.496257129689754
12.972258108700572
15.51268133408864
15.000630376894742
13.79115254873038
15.372468235000248
13.903168192922994
13.07070359078492
13.929304221080079
13.789661015581794
14.376797844531357
14.425124336969832
14.218084391520224
14.550113351314934
13.689302509834011
14.012792870683365
13.231012965763503
15.3973126270962
14.557359081302687
14.460860074371498
14.34355138520297
14.036038069050715
14.358741557557275
14.383792275122442
13.673637796121033
13.726996193676886
13.768592009330307
15.24774727279608
14.62068209154637
15.508162720179053
14.838294460422029
14.108682226042804
15.097525389532665
16.361601251106514
14.670728522433395
13.710248602576227
16.99030178527519
15.167352891770062
13.367283083990282
13.452717856881916
14.729192205740869
18.327921802629973
13.907920219130265
14.249245290570492
13.779404104456914
14.6771105834357
14.206856452874492
13.793259561668938
14.914334053306614
13.784144699799215
14.261999276928446
13.190489181183587
13.512173842416708
12.846851833932496
15.349766387062186
15.693347900544445
13.293679159730706
15.050563789875978
13.5817444401023
13.641655063198401
13.625834184601551
14.2776784371069
14.543838496430048
14.452336200228133
14.28158814438647
14.41368822363381
14.033264043068808
13.83572659829294
13.215920921949522
16.197490603179958
15.197910961940236
14.093585004275122
13.537000594600737
14.264773547212801
15.028077181211366
16.148521946330526
15.981335970112394
13.670468557643932
14.820872866441128
13.83877496047504
17.83568204624575
14.601117687405324
13.822388022955229
14.074347524211616
15.580720911145466
12.838732968500729
13.958015489804023
13.265775409369693
14.250658836359793
14.231651628405684
13.682503979220384
13.846841300752473
15.546596830723068
17.84903915909665
14.052769085793386
13.885537885938936
13.927387199552447
14.79912171975684
14.204011389224314
13.845910451922002
14.206316476768503
13.812371018246994
14.658778712506221
14.810452268711062
13.302474446517664
13.082974407815128
15.33394236115952
15.285063717150738
13.366024644224316
13.774921426430712
13.49011428711489
13.459485578097478
14.03333116730043
14.462140412742892
14.079804991681588
14.341991363614419
14.178487663106415
13.890452308716974
13.968170397828029
14.290013526021335
15.114445860681998
15.565856975411815
13.84835640717723
14.03338844922577
14.679837517063259
14.294455207307115
14.568940395025342
13.779028662851292
13.84128147540702
14.171099790210786
14.67402807309587
13.992174763568332
13.388430321648892
15.665542767683643
14.199640041857734
15.321413961516653
17.642989021157472
16.40337330003929
14.370966111176658
