15.238675099720563
15.245977056304078
19.132856671514446
13.756960264100837
13.334890095709207
13.437697036900174
13.831663584510924
13.962418308389868
14.01899731026728
13.845515192063337
14.372044293747974
13.889091241046861
13.623376332328121
13.2562761174459
14.996053270980793
15.1773506655641
14.08095002850934
13.976735108270214
14.174436076062925
13.928192410486215
14.86733701973891
14.412290436973697
13.755132834743643
13.880326909087133
13.388078772720425
14.008727313812207
13.83409691544232
19.682310727620195
14.509257369006106
13.54609912661993
18.719566506459234
15.311093684046437
13.831226499669091
14.485854355922932
14.83646694984868
14.351938510882846
14.64326703472069
15.17028788913109
19.44874021318735
13.355552877654153
14.260103470916464
13.49665720956081
14.657916263777622
13.861135203364343
13.938010755777402
13.806701332032537
13.51692388452716
13.42085107996657
13.402740121914984
14.878783678972514
13.043112191418366
13.484536085745521
15.259084126429215
13.26587780622048
17.850528769286232
13.776827050509052
13.270888849756371
13.943564808757344
13.760578725424615
13.401445082546658
13.464895336497994
14.002632327007012
13.950411280943902
14.015260816590661
13.562116435962473
13.195891897910556
15.159240991016564
15.123028371565894
13.695114874426974
13.783882693035308
14.508708630497557
14.377646251898572
13.920562765493477
13.919296282880605
13.686740671143975
12.936013875545314
14.873001335792376
14.089774548461264
15.165486120608776
14.583563444476573
15.189383677417586
15.404911729874847
17.394513382285552
14.457379566283755
14.386537564186607
18.77034024588957
14.4597494050462
13.371339182319847
13.094432086447892
15.229704224768291
18.48125484588527
13.862271884529843
14.53745657445265
14.852712959508176
14.414955597238032
13.720290519517233
13.118963907623467
14.977758752422233
13.841083655265935
14.451504897598936
14.065830353841033
14.402097560168384
12.927333292356602
13.280563320960534
15.325483817061047
13.21023098651145
14.548334897224645
13.68084057661337
13.46884155137176
12.813639983015785
13.297102141455087
13.472982892466819
13.89937962209484
13.65600052903827
13.79463561492592
14.005915146619484
13.570894843494456
14.246222167333297
15.708899427435856
14.079865591122129
15.538776586777972
15.472425476635415
15.338516442201005
15.820455777925133
15.297327128797274
15.05563678684099
13.962375441951487
15.320041718461297
15.137089268692822
13.989730365119211
15.10632786723131
14.38957278499543
13.739804580473859
14.165601411552963
14.169226021403121
14.832137731360802
13.754856916822035
18.092790062704534
14.564603541043027
13.314972121330822
13.415087161095155
14.519550978473418
17.49320516269299
13.606377872917506
13.55553924042894
13.286641663043664
14.199212626691667
13.295507757271915
13.061503606841116
14.32015554422161
13.686273041367576
13.98363171105098
13.987605038189606
13.108853560983752
13.023105219469135
15.388763861412945
15.382589802196971
13.238463151189517
14.507205149658843
14.302200158938842
13.375279743629473
13.496839582709786
13.26546674025202
13.682579855840144
13.934137546029254
13.614301311376762
13.746610791720421
14.175560154315553
13.705349664224595
13.009006926180941
16.052291570067872
14.37065500698408
13.885749879581867
13.528563071931009
14.3350186875237
14.479703221556175
14.433742834879776
15.019345455049148
14.474889484697654
15.050225715958728
