13.681689723220748
13.246906116469756
12.915289304145654
15.537947168963308
15.123581397755022
13.220667250262844
15.007275681488963
13.70128651645233
13.376728857327702
13.813770227630398
13.065261750843035
13.073770515433129
13.578185757597666
13.412515028131363
13.841199965251505
13.6809972995743
14.188900584941189
15.411886689818282
15.674933779140952
14.287649867104632
13.939202961245204
14.247473135472509
13.802943640831812
14.52020011201049
13.701565972500871
13.701112288358251
13.761135986182783
14.321271876700209
13.386037636158347
24.373927278384116
14.479910412090154
14.466073684327476
22.626856597329617
13.780954240303688
13.763591834327515
13.545098960646989
13.754309856652851
14.312610367573416
13.02956644865625
13.421188685102694
13.994791190540816
18.972541796523387
14.041147494215165
13.774060999367121
14.079458692420097
13.930736232062378
13.87125899262413
14.279554790005543
13.676322349686235
13.85996504705915
13.226998593571455
13.04426813860467
12.992450260827836
12.835582198538326
15.43761063009321
15.04468674594216
13.663992069246829
15.314513535331583
13.566735361746462
13.499447288595034
13.03909612558075
13.496592171896044
13.107799528602724
13.759441039934977
13.897267104360703
13.809157265348158
13.839827439897537
13.452600521977732
13.577234722305098
15.343727390429514
15.02840500735767
13.774017903953615
13.976049321660096
14.2207778741774
14.723984339865446
13.66322902918767
13.422320418605592
12.954388196411928
14.669419844594412
13.717164028531064
13.64699349037117
15.13975996348797
14.561279886295814
14.173000630147554
14.897043332755885
15.91397717724361
13.65328947492035
13.984245360308183
13.585932191025114
14.967231314915393
13.123733442182457
13.872944032960307
14.897975353357438
18.180030423198748
14.406796119295317
14.195039115725342
14.48149751317978
14.869944196138588
13.624994415887775
13.919006762136206
13.82364592365068
13.226432066437102
14.212009346183592
14.457444619966505
12.952401523227676
13.22432178066282
15.073992211273122
14.144078025545658
24.073039448660598
13.65892327174727
13.590741667892399
12.953232422247744
13.47777718933542
13.656698932797465
13.588974722809455
13.933299908915176
13.762747815860644
13.889659122959838
13.965271246289062
14.122513304568951
15.14164514137252
14.835403050897352
14.460587315371432
13.627141841453044
14.411807835093317
14.099179314330707
13.876562290175265
14.452625609227244
13.562756367667058
13.18347813371959
14.586119849794633
13.35614223139393
18.02663800024591
13.861153596986398
14.000516444941129
17.071117742715213
13.436300719463407
13.585393488273258
13.521283348144017
13.24798001225099
14.296488272960193
13.758507698128502
13.471128331614626
15.325787042506477
18.813192921020132
17.30597672705544
13.887219905740336
13.795421159822588
14.33472305019809
14.366221773537854
14.148228179214057
14.074887876833824
13.544956230559599
13.30155027449071
13.768889979032673
14.767393319005011
12.826550021357585
15.019866562544541
15.737700046373254
13.592457305089553
19.223402228916928
13.528106516175622
13.288927071785844
13.236724300136718
14.068450904577512
13.552977231962975
13.50794049826464
13.94475159401729
13.82061638027849
14.103719085905405
13.847064068502759
13.725960275897386
15.444952203912889
15.243252482531963
14.472587030439653
13.792859407458323
14.19020439403334
14.763470403570427
14.698720366518396
13.73756350143172
