14.398187307841358
13.550927926994165
12.99393829667366
13.083000920075527
15.02148740801575
15.45028980599788
13.579354750789356
14.519029045626672
13.497755400587103
13.216598122179064
13.373362609317764
13.739964325370021
13.616398465862291
13.713131042333112
13.890684776823475
13.973190107357185
13.861017540259166
14.246246886235731
13.222272363667821
15.166874593476523
14.681882566873048
13.857240695552631
13.8957178229739
13.731550596851067
14.910139580562298
14.384032192323277
13.870292731761852
13.644187535380087
14.203664676191474
13.753209915038072
13.327659599135876
14.783667890331674
14.354199073294978
13.827398657358499
13.85083355328922
13.943503483086813
13.924648381507104
13.870035321631521
13.758757473812318
14.88847070617841
12.928713741191974
13.065835986526173
15.320724328689701
17.960445044446118
14.384811903141053
14.028080222441803
14.37824079415397
15.197840260033061
13.509412297063262
13.707188019243466
14.854856465213881
13.807266076694063
13.872263233846624
14.031164026072023
13.296530641610588
13.339542380384387
14.99511534743935
15.786991012789048
24.005426990515012
13.551994581325845
13.105718448266835
13.398489816577504
13.97109443327511
13.72941085224785
13.65475595132377
13.77953315836744
13.594171078777016
13.73354613803236
13.683464233919693
13.788350987431162
15.246040360590325
15.448787313810417
15.044174219383029
13.87577035054223
13.972182885762665
14.297698720577403
14.464321214405798
13.793009690162936
13.545237472870788
13.536871097330954
14.496072183640251
13.417043620261207
24.03350352310808
14.085027369079972
14.272501838161709
23.04388709533857
13.517761801512707
13.904139154546915
13.364899650167098
13.872314841302096
13.815524105346242
13.561281462392873
13.169678126002992
14.575901465218855
15.567984162151589
18.06579150576385
14.106162877222943
13.669404084959005
14.380654597512512
14.81353583964112
13.554125567033468
14.54155777759976
13.814675530074092
13.678342966901438
14.188050483519651
14.761789169871353
13.296011111933808
13.253921714642981
15.335581798336806
13.667365118645208
19.663951202606953
13.01047283694225
13.295059204880415
12.984701553120537
13.48272148449542
13.656843383350772
14.124002578789764
13.938030338106158
13.817411003266372
13.781419783961432
13.995877776574092
14.091754848043943
14.95841579747222
14.634505934079613
14.557026131468472
13.89019624329198
14.35717169381893
13.866626092952743
14.695661903344662
13.57376338818125
13.798289923141896
13.377755694832615
14.037897744456185
13.416582762979042
21.76194236387589
14.219619931974602
14.290895545395939
21.32156257323963
13.53404546841497
13.89851206193475
13.847022562334718
13.758660935346368
13.128275175160246
13.860897845885718
13.4585551795186
14.229953760595507
15.30930174288537
17.857937959262298
13.864846558110656
14.226709626560323
14.053767479569064
14.42806901146728
13.465563580173594
14.421880032514233
14.114868162749717
13.587887027886547
14.327396994494695
14.63913968726515
12.963757831484912
13.366035650978095
14.905869106430048
13.413122523927926
24.010581223266755
13.542524416823733
13.413286528124766
13.600173976630488
13.606893654038483
13.47760439605399
13.76585621216459
13.906614424115086
13.814011888571521
13.73053214484136
14.021350691618633
14.644536582173526
14.436304199983807
15.122606893101349
14.81995636656476
14.27881288065432
14.21495630737126
13.899329312804884
