21.000298036151765
20.995845736154795
21.045487446784303
21.001208759624312
21.01580241823668
21.053607103082832
20.987793942791065
21.02564563988981
21.08152250282753
21.04137386722207
21.049818362210086
21.102297508680632
21.103934723433667
21.05399893199347
21.07207664370187
21.123048169192625
21.069629313003002
21.077234465323347
21.009811156530247
21.010228787033736
20.99973017244019
20.99031509080074
20.98081012445951
20.99348300149857
20.980943396283582
20.987981499696406
20.977738316532513
20.997398152907017
21.258583732886393
21.2315782646219
21.116811736173204
21.10402162451431
21.09560447573843
21.13421395897802
21.34591886885826
21.330469042935036
21.042380341319706
21.250042301643255
21.247250355036964
21.04649562096908
21.11694860648462
21.074650612540196
21.061220785278255
21.13350219352213
21.09048436941868
21.073933032114663
21.0099762953847
21.072056867139228
21.087168840062773
21.11170127765622
21.060766061964607
21.062854899197163
21.06362094030273
21.080610889101536
21.131071637088798
21.142536189074992
21.128058879295136
21.406534798287915
21.320030708290272
21.06180381747358
21.076585006762873
21.061334982267763
21.057650965005664
21.065039107102987
21.070753383222478
21.063259607365737
21.137435087369017
21.26045744026678
21.324839019571016
21.20423152148602
21.116652875551598
21.201468104966484
21.35880232014312
21.329527552574753
21.320808946011432
21.048308775004536
21.069948774127184
21.056821289606294
21.25219858205826
21.205504803342514
21.07296674478665
21.093988659050744
21.415471513380375
21.219207372678586
21.12343559556979
21.08852512817962
21.188776277840372
21.047872043987052
21.255354223814912
21.288519647545222
21.258716819411116
21.042456065148055
21.12730575912481
21.416483976084375
21.26126121943745
21.2312611543478
21.231785158862248
21.07089848457023
21.12584227573755
21.08223287984434
21.03299626708947
21.325716028467333
21.352123533641002
21.302611756360353
21.261043560117923
21.3261680232742
21.351980606592868
21.124009922064992
21.201675601900526
21.125190549942502
21.061427853556953
21.133323980391136
21.0606014394532
21.062195323600022
21.074792646461162
21.083834250899933
21.416333082954502
21.20582327699125
21.119521638141844
21.06159975280429
21.0659107695607
21.203013261236112
21.065023769837765
21.20545558110745
21.152479004958863
21.153447904238245
21.05066477134982
21.066035441304678
21.065233736815863
21.772920477770022
21.065334356069172
21.149359913129018
21.064178726997888
21.153501122431997
21.051717019436815
21.19538542908493
21.349185406424727
21.33422689849688
21.26111459742167
21.231304343649303
21.351708726926915
21.351514972336588
21.333211191154653
21.385468632370152
21.24576413106266
21.112555307220312
21.078433875580682
21.34951363316011
21.383353223595886
21.106387529477114
21.089258006300966
21.05636735031943
21.026090852201847
21.027949616775484
21.061226331339522
21.104502599405986
21.409036836573055
21.13466899099737
21.126310535402517
21.10520508412578
21.260640873532612
21.261204248176124
21.11220452919483
21.09310141890108
21.258195510453582
21.04799648755592
21.0825678323872
21.11801583032205
21.08054226834585
21.054933407653547
21.0864525679385
20.986970141754256
20.984889312744198
20.990404598723153
21.039363424570574
20.987361021830598
21.07069420285768
21.02312565095515
21.01303762321017
20.99714737023469
21.023876142267792
21.039115540402182
21.79126996377943
21.785977508874737
21.79003519424235
21.795407078834884
21.811770519701827
21.80051402057742
21.80985485672036
21.812085574032444
21.81198186330838
21.81257526218579
21.812497920930372
21.01020553438441
21.034462667195516
21.084221070055275
21.080028346428488
21.261084160151523
21.414483046167952
21.05872861805135
21.082876601724923
21.058176707697818
21.083385338653933
21.12136853476262
20.96851874507959
21.065233842684513
21.114453463065463
21.050017209541604
21.06043692610291
21.058813736885536
21.001958525645303
21.41655044850349
21.394195968785162
21.08313917697867
21.075725737056004
21.413956287379094
21.229208193095847
21.0612695132952
21.066449722274783
21.118224017592734
21.06368631917621
21.11390200633748
21.051897710208188
21.07770309442057
21.081327558470576
21.009647537141078
21.116622071629067
21.07284093043566
21.095776072213244
21.00900266294171
21.045654902945742
21.04916178849945
21.054664447608907
21.04872258429935
21.002167941099813
20.991649639011893
20.987660257905116
20.993547277859086
20.999716500485942
20.985291599423874
21.13216905201359
21.083163534810634
21.078786186454916
21.08380184054511
21.08035852919571
21.073203635741894
21.079454120719035
20.972365111607168
20.985353857886416
20.987598166398254
20.996958664689995
20.987511158928765
20.978245973453706
20.994706621864673
20.994126255911997
21.09352663246319
21.041645713380966
21.053746817488065
21.054678292559103
20.98349822837246
21.0707780536527
21.101158749672447
21.087813123644683
21.13392725204173
21.360849808469478
21.052459607096246
21.11006833948856
21.067487004932733
21.06739047619759
21.088873829331533
21.068069602015534
21.07495900530909
21.075072262561182
21.081203213547433
21.057281746466867
21.050621808383156
21.044835115836698
21.121108794341247
21.04761673051791
21.067630498355634
21.074504826204738
21.40109489619834
21.296192296560516
21.405309013147356
21.1215838502971
21.29527918545814
21.193639465126093
21.323366664650447
21.24199121027823
21.248686929625777
21.006882625461397
21.047175754881067
21.08177266579764
21.076323439380424
21.416435934922966
21.360846598582498
21.33436057889487
21.41608509363029
21.127156997952095
21.298309513407137
21.359511912260547
21.07100713229022
21.098894920258235
21.259835108338017
21.347312358305352
21.350111112534982
21.412824120055863
21.05862962402213
21.06356646467991
21.04090391414832
21.056999696710513
21.34327983484225
21.329631827752696
21.32562963364355
21.411674569327406
21.066060776313847
21.049025594054502
21.020829081586925
21.41466647288307
21.318940649983567
21.34152865372118
21.34658420615027
21.224380457193792
21.235853755502163
21.05005520078085
21.07706866456925
21.118143247490803
21.07355033874737
21.084065576059302
21.135303643669623
21.061092791457412
21.119270485324048
21.052023574266034
21.154422081997474
21.13976564094596
21.209030725878872
21.1345677263479
21.12637505217155
21.06544428467695
21.15435646058743
21.06601009715092
21.228707939495305
13.762742260107963
21.260355149506907
21.047863269406573
21.14420366960608
21.137819278035778
21.05080349801173
21.19020156523283
21.0442211949916
21.186563307123183
21.20856359478163
21.05053432169099
21.202256038941986
21.261325701141935
21.261108365242734
21.812649169595556
21.812609056346794
21.051455933406416
21.059275450705822
21.20635033484196
21.056665969614894
21.360617141850415
21.2605270282858
21.21024468744517
21.261355338666768
21.261211025165696
21.074708390967682
21.128348467360166
21.39898240650607
21.326152773654197
21.29812329101793
21.259992950507236
21.26044701816176
21.333713987372644
21.063125484790394
21.092964529688967
21.095257072441754
21.05419623524611
21.080535746177866
21.075750754228384
21.09933603198155
21.127748567393493
21.125772936350113
21.333028428748175
21.18438828624007
21.152970958967913
21.060852191932504
21.15353484772605
21.040780363645627
21.065270214258437
21.099586294996165
21.259857823435617
21.25895697702176
21.09875642764671
21.069213391147457
21.10104793699126
21.00879166250462
21.01008172904969
20.987792251420306
21.00877780602585
21.00979439733455
21.054125777860502
21.205209268305413
21.411673789598968
21.078811673953698
21.07650169388988
20.98874545048084
20.990504663826652
21.81168110827442
20.990459224485683
21.008088772815867
21.812586960072245
21.794857027510915
21.864915841509575
21.812674528042447
21.812653266382004
21.812558475424147
21.81244712725523
21.812667893575266
21.770984074484044
20.988681841929203
20.983017412681754
21.08491494088128
21.135075241050952
21.210247965747225
21.23992906124959
21.11830313951858
20.997577962121735
21.060516608890023
21.078082466585652
20.997120856755362
20.993366529101547
21.067692365378274
21.095468887180154
21.06936394455798
21.068220797505802
21.03723351239587
21.001728188306313
21.058761602201198
21.033551726614828
20.979283648072848
20.995018648700622
21.051489579856955
21.033402382270854
21.03971735733018
21.089740175207293
21.08893464951218
21.073776942603576
21.35736203354488
21.25894497401357
21.06636739517363
21.064075568972964
21.103046691074844
21.09432384942933
21.23020712471589
21.253491551158756
21.009621104755595
21.008581957809554
21.10759052568572
21.07047347052189
21.065466996601966
21.0852410899517
21.00031381944625
20.986285931346956
20.979942816679937
20.983205946017886
20.97952579625447
21.06432015235749
21.07711830177395
21.06086459811846
20.985144710059853
20.999299575595728
20.96799039544699
21.00750264980183
20.993372525153603
20.99241856671417
20.987276025382606
20.985285761691
20.990932794571403
20.99938403178209
21.000366060029545
21.029002606061027
21.053125536743337
21.05204636009534
21.025921923990737
21.060129800208724
20.99015691616805
21.049924795563783
21.062417455328806
21.01779202801299
20.998904456817844
21.247178538487457
21.12312807880419
21.236046352374355
21.232183377061077
21.303646157364305
21.37523190453618
21.0332736168142
21.09900502573449
21.39906860631281
21.41633010070254
21.260799998387686
21.261307559667575
21.051047619197902
21.112411859587745
21.122793234925116
21.058179472120806
21.234073925265736
21.414244894874212
21.34340685526298
21.401344246017274
21.34498182380099
21.403302844774917
21.40849797633702
21.07419942665101
21.015021600811036
21.020567872493626
21.01041686176858
20.995967208577834
21.013265643212776
21.287335209200858
21.289839230513433
21.16482948935724
21.09335139316368
21.136243689209664
21.126508239324608
21.31198185184985
21.313316967892437
21.313809723556442
21.33798220699595
21.22925883206655
21.064309992834065
21.060357730120515
21.344823652230176
21.255228376670356
21.084975106655563
21.07407963074723
21.072816242261748
21.06383844814941
21.11702682562549
21.13675737803517
21.321237399190213
21.383819983010582
21.382757940007313
21.257917764100483
21.092879969152982
21.253349637888007
21.275152449431
21.256109396070816
21.41181945386558
21.25173754073226
21.232226811076938
21.37566920637691
21.107944110202258
21.067780267291397
21.090260155466368
21.254950212075318
21.330350254310293
21.252327020688277
21.25897310277544
21.406711350979833
21.333252573957346
21.351944973199306
21.05761866408151
21.122800768798662
21.12065374685621
21.204369156221546
21.143338006442864
21.058557361232772
21.223813638278497
21.261352593620337
21.415247264384274
21.26136367040515
21.41534459366776
21.151468475143066
21.207341749765
21.200649254614504
21.059457853544306
21.207329265984818
21.206290776719516
21.153380654160667
21.016720695407564
21.077064476706273
21.068607354994715
21.076930531994833
21.811732375514374
21.8622472632733
21.812618774542972
21.150764251647196
21.065365042240774
21.23170997172187
21.31945059576714
21.076531664677113
21.069055977085632
21.812646546164835
20.954487488137282
21.05054050600678
21.085019325251388
21.248824916661906
