14.890545302509203
15.440188176049865
15.152316643062164
15.152316643062164
15.152316643062164
15.152316643062164
15.152316643062164
12.125123696122879
15.152316643062164
15.152316643062164
12.125123696122879
12.528112646671765
14.195103607467518
13.243994101330545
13.256094643573833
14.659038333334156
14.659038333334156
13.256094643573833
14.659038333334156
14.659038333334156
13.256094643573833
14.659038333334156
14.659038333334156
14.659038333334156
14.659038333334156
17.64599920490047
15.892290101448031
12.648742156146872
12.613291622690983
9.444409588985561
10.36985127164672
10.299910703439666
10.299910703439666
9.93347045255547
14.251795868581736
18.05262581064138
14.098887098422928
14.535778161356703
15.223806068532728
16.76849446909473
16.76849446909473
16.76849446909473
16.76849446909473
16.76849446909473
16.76849446909473
16.76849446909473
16.76849446909473
16.76849446909473
16.76849446909473
15.223806068532728
15.223806068532728
14.989965054603804
15.223806068532728
16.76849446909473
16.76849446909473
15.223806068532728
15.223806068532728
16.76849446909473
15.223806068532728
16.76849446909473
15.223806068532728
15.223806068532728
14.137653750130099
13.005589788568527
14.661526863689936
14.661526863689936
14.661526863689936
14.661526863689936
14.661526863689936
14.661526863689936
12.380734650036942
12.380734650036942
14.661526863689936
14.661526863689936
14.661526863689936
14.661526863689936
14.661526863689936
12.380734650036942
12.380734650036942
12.380734650036942
12.380734650036942
13.411713527717172
14.052947463717228
17.0876662722094
14.052947463717228
13.72799289026804
17.048348689331803
17.048348689331803
17.048348689331803
12.980546337893868
12.716651924961976
12.980546337893868
12.980546337893868
12.716651924961976
12.716651924961976
12.980546337893868
12.980546337893868
12.980546337893868
12.980546337893868
12.980546337893868
12.980546337893868
12.716651924961976
12.716651924961976
12.980546337893868
12.716651924961976
12.980546337893868
12.980546337893868
12.716651924961976
12.716651924961976
12.980546337893868
12.980546337893868
12.980546337893868
12.980546337893868
12.716651924961976
12.716651924961976
12.980546337893868
15.154376814739566
14.42893479582591
14.557631944722319
14.057307341035067
14.473581601152201
15.093831729702933
14.54306430303931
13.466624066569056
14.178055037857481
14.159368575855048
14.159368575855048
14.159368575855048
14.72262994872601
14.72262994872601
14.159368575855048
14.159368575855048
14.72262994872601
14.159368575855048
14.72262994872601
14.72262994872601
14.72262994872601
14.72262994872601
14.72262994872601
14.72262994872601
14.159368575855048
14.72262994872601
14.159368575855048
14.159368575855048
14.72262994872601
14.72262994872601
14.159368575855048
14.159368575855048
14.159368575855048
13.886888667179678
12.288909292314392
12.288909292314392
12.288909292314392
12.288909292314392
12.288909292314392
12.288909292314392
12.288909292314392
12.288909292314392
12.288909292314392
12.288909292314392
12.288909292314392
12.288909292314392
12.288909292314392
12.288909292314392
12.288909292314392
12.288909292314392
12.288909292314392
12.288909292314392
12.288909292314392
12.288909292314392
12.288909292314392
13.886888667179678
13.886888667179678
12.288909292314392
12.288909292314392
12.288909292314392
13.886888667179678
16.01148620960484
16.01148620960484
14.77670294209327
