13.531104763114898
17.881007607152593
15.497924160315977
14.694630138995619
13.964017934490933
11.220519695069985
13.763433428132576
16.111484405289865
16.14330506461844
16.14330506461844
16.111484405289865
16.111484405289865
16.111484405289865
16.111484405289865
16.111484405289865
16.111484405289865
16.111484405289865
13.48042306992975
12.591735019997103
12.092674822444081
12.501648703749321
15.348915800958473
13.094241970486012
14.357914243950054
13.580469245733402
13.689180560420889
11.942139696629539
10.931261228941608
13.756010418798962
13.378142986982294
15.398667875209634
16.539809228009428
14.311067012272284
20.16217609898498
16.428933111016267
15.16634394257029
20.32330653909842
12.621477757867689
14.256308516197294
13.740089524853808
11.888285302678277
14.561348646938091
11.449860792423948
10.276789581650405
10.960528319829864
12.027249375608829
18.977790504500277
9.054568992507432
8.802308158398768
8.38119252362561
8.295400021850266
8.29913511188312
8.29913511188312
8.29913511188312
8.295400021850266
17.31634858829589
17.093750417065102
13.467683097241315
13.653211581261532
13.086639932345767
12.212346963194493
11.67373731669351
14.72964224111705
15.6301332603015
16.352527639909393
14.10748953650748
13.24034585443395
14.343838119911439
13.855882005856989
13.246733008767265
13.13358222308617
13.26197788095454
13.443756328765534
14.273702311157638
14.020175080164625
14.556006008198954
13.850989385047056
14.177122277567845
14.063011465747328
14.909668670803216
12.633205162676669
11.631514073444295
13.991446098543978
13.316003499172036
16.03171735287861
16.008649853027364
15.352796688025625
18.250706843150684
14.54307181124068
13.502998019592447
12.09394683054722
13.907674791150514
9.172140211867314
11.525532060965402
10.355136086447278
13.647127621724714
12.720143473178124
12.204711486208971
13.366713884054013
19.610337672297142
10.303545443755114
8.965782785080318
11.319950500463255
12.58376027236041
11.347453851959983
10.790763997678127
12.145761097840508
10.79747097242261
13.15167956260003
18.773267891990727
15.307579206775413
10.92547581774429
11.492883841561584
11.256055523124248
12.115778576353177
16.245939863299977
14.663407918992288
13.49187476425239
15.5966020532587
14.08531167823497
14.332392619241519
14.474803869719446
14.075901892358127
13.529846203383716
11.05028712209321
9.933422899661387
12.294832961925522
12.493704968359115
10.642797821259155
10.409637204762268
13.040901777766406
14.809062259152428
13.580397775683023
14.399640868247056
11.538816291464496
13.264030949713376
10.516751542867084
14.892894513563439
14.929994217507527
13.338542493330982
19.962164828441466
13.291248863590502
13.19731513950819
11.92245426801592
12.491698542621949
13.471313381503721
16.71041895135906
11.89526702941447
14.937406820249365
14.982851857354346
11.742532842361411
13.056932118819924
13.382128202505529
19.84354085384887
9.462262414991917
8.3823845207054
10.447360420577747
12.391740148239528
12.27160563063813
11.163082793539791
15.515246017501346
13.810765367997258
13.311391006232205
13.086392769859884
16.949593759400642
13.552190256507101
13.734879643583563
13.150405570211813
13.858725300890509
13.858725300890509
13.858725300890509
13.858725300890509
13.858725300890509
15.281834795774527
15.788126425225393
15.294628566666685
14.996302632034284
14.340381080299949
12.730971841851003
10.203790854677568
