13.887862049298382
12.300428054742678
11.370002475448512
10.292634346013958
9.546194038614349
12.354649100781373
12.353226298624495
12.226304558628922
12.314290757017428
10.658145617339915
10.809428460006458
12.55659999185977
10.589042996764631
10.015763783921397
10.927003695675614
12.545815188229197
12.311878954132165
12.208862175737712
10.89696347845178
10.211724025025323
10.707038184704018
12.059919325149036
13.614534077576081
11.149121963087513
12.59478498997979
13.408178006812221
10.908807978658082
10.69696218924022
12.857162042474728
11.182298832360734
10.955182540290577
10.932130245199735
9.886434096515567
13.255297319821679
10.945140174360438
10.98490273112744
12.60169143840177
12.06105497307914
15.024545780262129
9.309844123590592
10.518891115835586
12.234897436815485
11.73656851736715
10.746386339769254
10.795053844947505
10.45104204483119
11.144567330090146
14.377267260411474
13.441979487802328
10.451694578299616
10.737358459853617
11.384989097417776
11.56303468729784
10.773495094941797
12.021045255281466
12.600386055541978
11.56211075082576
9.97648899616667
12.423276890772248
12.515663831891532
12.357945934721192
12.266586833296298
10.580205069965094
10.57934339638703
12.758786013232548
12.196894410855629
9.143194240162902
9.928374103052846
13.335252988192368
12.276729712856989
12.139914881205524
12.205220866627943
10.604441068512092
10.106030431462356
10.798306827714201
12.338879565019973
13.298351645981157
11.338236713174366
15.077136091513477
12.947395540239693
10.732579441260857
10.63890696235923
12.834950151366938
12.186461510472789
10.861243839817313
11.0589410338995
10.201723843048663
13.774974758847453
11.611724070752416
10.73074874181926
12.022680033868008
15.166447638338154
15.108339556475121
9.606379292643078
10.451115530413635
9.82797938101325
11.444980014842804
9.680202600328824
9.992502503036716
10.231612205628862
10.624899275032032
14.432087250479524
12.573742519160438
10.336623597691231
10.487043134156202
10.894464083064495
10.817284879456897
10.96171860065718
12.098008029453958
12.431944345670438
11.360729360528865
10.080242518358986
12.164493610241626
12.276155852740663
12.450899497956186
12.069317842941148
10.6964281497313
10.44808953900783
12.997751496731322
12.232578719889458
9.238960914293902
9.996327767819412
12.815190371144089
12.478918766472967
12.286452084739375
12.248156185584246
11.016313989483024
10.305618477278188
10.88205216802442
12.63111194114903
13.503969396800414
10.924438817729202
14.857108169835008
10.950758145614085
10.990288903327624
10.55756708645575
11.75692034798255
13.212783338209759
11.881615090123661
11.238833660639585
13.64877595406385
13.309954855599708
10.81168161949881
10.982666744957129
11.777782511979465
14.941175433220739
9.860299590167674
9.349342352047508
9.687335275746577
9.782040922054508
10.554055222331526
11.02257422466866
10.553801022311697
10.892801272561998
10.617326987273879
13.767114302895443
12.18867580504837
10.631238127047142
10.345248857480279
11.17241436751724
11.442056943503621
14.984316668336767
11.960765364810923
12.32337425295029
11.056076866717236
10.019179380047515
12.177327135247538
12.077788486454137
12.014522439018515
12.466304049944167
10.62794173681896
10.564497343774583
12.619008480427446
11.810258989452413
9.269453145885024
9.788528251362427
12.821871952207323
12.5382512313226
12.297770691084951
12.286791745758913
