10.491737448101679
10.824297663150926
11.74766589343564
19.633846012636226
8.694080928383839
9.964369481143928
11.818006454675766
12.07795660469432
10.37590337600784
11.48131903910591
10.740870867279291
10.55768130172297
14.740097794012092
12.982660362897402
10.028695463989372
10.268518136589584
11.382168078062302
10.57059192093874
11.923561586026555
15.003584519072396
11.50542773950449
13.387935153945197
10.544133039543496
9.559014565413126
15.363788902863922
14.399122756770677
14.48918446006359
13.679508154872323
10.957161808586388
11.359253859488266
12.232196012940431
10.579267561356065
11.350646759127693
13.17978932749852
12.590590448450687
12.126195137916085
12.601293287145616
12.487453123541306
12.764702469285151
11.087777706939766
14.674022657522693
12.787101592886177
12.654430524391097
13.609877188058608
13.276508248962008
12.310419375911966
11.870540161737171
12.22701973518438
14.096403970110451
14.255020752080876
12.68044293794257
17.39307520706318
13.929324727699159
10.272104673287144
13.496185974158598
12.036767109923394
20.47812367271304
9.77291074350793
8.668724267233255
10.162978447106541
10.647506184645042
11.847528426835993
10.936916970593836
12.343447293476519
10.510879280424286
10.543692619157774
14.779431501015699
13.294430465662732
9.67907932984235
10.169597914966634
12.012560461837662
10.660025313148044
10.879917342752144
12.726091179795963
13.862300606894554
13.656458238971334
13.291906898642468
9.601428107136385
15.190556204523892
15.041654514833908
14.523065001908217
14.18540793724624
10.848029257784688
10.764778446609586
11.651510613259425
11.622323813708832
11.178801715396173
11.983269024489283
12.319123842692823
12.330347892958239
11.979657038934944
12.279596377671155
13.229445506601952
13.028145240757501
11.181865883307864
11.06675977280355
15.497994745952818
12.880694522439484
13.570756310338977
12.370459960505748
10.470717975134768
11.638508779780599
9.845930440743947
11.434434141199539
16.1509040768291
14.300530067989106
16.054323028158194
15.246504693397137
11.3538333651122
15.32210217524332
20.613656246065407
9.280719041642518
8.748631047937582
10.036173438055332
11.275713868672486
11.221421850957848
11.680733460427533
10.652624811932215
10.621136602369772
16.127572921370582
14.169482719060753
12.38858960864983
9.07987432035716
10.312849915899392
10.559705434880035
11.620226663919972
14.427658778644345
11.674220688650902
13.65121652497713
11.76515259438622
9.593122578720765
14.77954412463424
14.585502135609733
14.48217289164656
13.607786553945477
10.662718334395322
11.151118622616222
11.729271290387732
11.417963905058095
10.74122157138277
13.417928349099792
12.356532773217738
11.698640449981484
12.376619844509792
12.54532369877862
12.255396661391538
11.594420246271115
12.653772895627402
14.33813803169623
12.12726898374653
11.893785401288003
14.412168416526928
10.534279397413748
12.399665113520069
13.70266425869734
9.662816088718994
10.312840240051276
11.494406664548533
10.48127723568549
14.399311299585037
10.784311475330512
10.358340696607435
10.672817796599338
11.43606374916418
19.750047670117077
9.115868078908175
8.68323064784415
12.012494630325639
11.779122322446483
10.385611925631881
11.92560283896027
11.923561493324593
10.464544072224827
16.152639264219417
14.275654455266848
10.395775194082086
10.082358926657356
11.042820386887684
11.086954323592893
12.342299755841289
