10.417211103634155
11.326995679139497
11.1944477499276
10.490941443243491
13.987505991419056
12.567756713788105
11.233138089413423
9.594826591250966
11.430192175389895
10.461142679151875
11.298132682298146
12.057904828225652
11.315970338897806
10.374919461716296
9.176919648964537
13.325999973931362
12.857681893612243
13.370938708738485
13.273647141135909
11.21407028313312
11.085334984958669
13.077234212279585
13.652525862753764
9.487400401070927
11.029406407058897
13.851872314880495
12.76571722104025
13.696023710465385
11.788152936670073
10.987557080316956
9.779420292240518
9.228485317392373
13.184925462174082
12.794334409658914
11.744525513536203
15.335157970383351
10.653523182353789
10.305525159634945
9.547303877134937
11.303539225377666
14.039378116106107
11.176380706450482
10.131620617105156
13.610927513510639
12.63250180763523
11.091212125578048
11.469989176746305
12.214117943287391
15.05080686617673
8.195580254143863
7.652056744461219
9.06764103242169
11.32871908467788
10.498299251789943
11.794282655310148
10.721704492877189
11.593614999018977
10.436201740980858
13.127913007145544
10.99435659193337
10.270584525824251
10.231326302661671
11.29134155795845
11.591430110297138
15.249509008036673
11.793247824529354
11.258660477665616
10.7207816169226
8.869689300664142
13.614230552705733
13.084940743685783
12.399618236771852
12.772135907411267
10.833713548995682
11.006427404893115
13.024972557262908
13.39358596114486
9.671711290590544
12.14332420236316
13.481936133378962
13.841023715350003
13.115115913787106
11.8250804459332
11.018185672035862
9.680356101868815
8.845394776393794
12.96332012605241
12.164906709678455
10.537275582728773
13.591664166358028
10.67746902282565
9.858751814258978
15.627121288571978
11.616752060413042
10.879304702671073
12.458505038976131
9.759302144247224
12.99521876256083
12.943236106120255
10.917602854008466
11.679436410543156
12.265898879328407
15.264861826164722
8.659167050391849
7.840257332294707
9.384791695743388
9.33777127421559
11.250857990314248
11.878540551727742
9.694733147652533
11.689054622273867
10.68553766422061
13.409821055002052
11.824979775078477
10.150587063458653
9.858332740366226
11.297672741533944
11.721018875155796
13.279780657086148
11.598840826917918
11.33185149868374
10.665746216430827
8.860555181542681
13.64832642097772
12.408568888799659
12.086796058271467
12.661342694584093
10.923315721517636
10.749495741322477
13.978550024782058
13.551534091779548
9.80811140252279
11.37193901231529
13.167716952911267
13.607340054882663
13.285505919099903
11.22542610233514
10.538498005801817
9.506074151745928
9.053761490384813
13.139522331561487
12.362091387382224
10.992582244500252
14.589012835232658
10.889096145656362
9.479867534604562
14.865277505848088
11.473105981073767
11.27786083494483
12.389405827827646
9.645113733203603
13.395897524607243
11.241996954977528
10.563359171461085
10.413873986743553
11.779867447075395
15.670170620170465
8.370365198111049
7.721399859178316
10.598407452893559
11.117108082040614
10.713394265527018
10.934317907115272
10.70177933798345
11.360738116775993
13.994413912231636
12.462185787228359
10.635864301561115
10.589466033948955
10.455766076026494
11.47192793924422
11.575811239942302
14.894502186584345
12.185803686597577
11.03823661544716
10.740494087620727
9.045710428909373
13.021823604062474
12.96798396538487
12.583719362996575
