9.875121719545811
11.545864798298043
12.366085675920388
8.499332975045213
9.013768392728137
9.013768392728137
11.99429377108102
12.388781603438055
12.888227854855346
10.713686999611644
9.792959394880981
9.035961461884078
11.252440441170064
11.684091692776066
11.664309543399568
10.843598953882694
10.28397135938247
10.18015594609618
9.49190577621926
11.047217213710393
12.611297204786093
12.585183896711131
11.29878532323614
13.531345262111785
11.848328178938498
9.861664886801789
10.994223879572997
11.49192267479308
13.797901787270911
8.387535596423831
7.634919922560613
8.997997232454784
10.066450027033488
11.235425137926937
9.497073921858542
10.342519913879036
10.76664272715221
10.160731439984334
12.541201107112894
11.920007244395261
10.670077632811857
9.385424495239759
10.309895338242109
9.928207074282504
10.441853748273589
11.139001563358114
10.906589593628244
9.921556619069158
8.75760953907733
12.11584008298258
11.722059383288515
11.579958667441954
11.335295219854537
10.010457285841255
9.672758708150669
11.694757577200974
12.319347068256336
8.965538533951387
10.20345564113635
12.34036206853888
11.67590540042695
11.874931799844505
11.25550926510415
10.382679670929114
9.682043444219957
8.831119259529085
11.489594038421655
12.122068176464847
11.012151451509276
13.910388010580519
10.697595793642302
10.367619796206457
9.16278617959592
11.042532264779565
12.296963502501196
11.545853750925621
11.164049671062287
13.092371555582789
11.370831226520652
9.912548736804043
11.189032498593107
11.34804102630275
13.848286506806133
8.589952475205218
7.878859038895307
9.520184529066986
10.889605406444703
10.991758957223231
11.095280126725577
11.095280126725577
11.095280126725577
11.095280126725577
11.095280126725577
11.033973985517049
11.033973985517049
11.033973985517049
11.033973985517049
11.033973985517049
11.033973985517049
11.033973985517049
11.033973985517049
11.033973985517049
11.033973985517049
11.033973985517049
11.033973985517049
11.033973985517049
11.033973985517049
11.033973985517049
11.095280126725577
11.095280126725577
11.095280126725577
11.095280126725577
11.095280126725577
11.095280126725577
11.095280126725577
11.095280126725577
11.033973985517049
11.033973985517049
11.033973985517049
11.095280126725577
11.953108680046832
11.03581438862367
11.738367542457794
11.735391240013904
12.048161121233413
9.890624618394984
10.172396408921989
10.80809904814399
10.372555054904634
10.378887640731959
12.526941514271641
10.832238044005534
11.41085086793117
8.632522818670198
11.53922986452701
10.469266059605038
12.330693477396226
13.700982849267788
8.526058669772622
9.32497029355915
10.313044629758924
11.056135999809017
10.607744318685588
9.404131941524248
11.03996370525342
10.04086969347379
12.94884414000131
12.455934508769534
10.161575336139268
10.294753885092897
10.670514550226857
9.93336557519017
11.643879246994887
12.80815262389626
11.373286078834637
10.436710889199992
12.122681668319103
12.075449806256284
11.826829798377366
12.182504385104782
12.268480510726494
11.955541283884772
9.954565856238192
11.185801372893476
12.07644058214193
8.947164452888364
9.894840869439287
12.214691478334707
11.65446045360585
11.810936099886664
11.320604675566962
10.310999264434473
9.161675647021992
8.619156690648342
11.302378291940217
11.44119483071207
10.850944795099263
12.937740713126018
10.340598971181901
9.525377567438776
