21.037574605964817
21.050202440882906
20.976852168044324
21.055810374772054
21.094475207086155
21.02603840410581
21.043503672951914
21.019737001666957
21.033099132865306
21.045076488342144
21.05384832763206
21.09770869774597
20.963654241891405
21.101474895269767
20.978541322812735
21.049459533927525
21.026415306653597
21.02647139137487
21.04857047338368
21.05584728291756
21.03253221225068
21.099850692140222
21.03637864300034
21.107999137200608
21.028187632581563
21.04002288073173
20.978535557285987
21.02688859999557
21.02800694665675
21.038228758810767
21.107108717814302
21.05579644952292
21.032133816345606
21.023757632280567
21.10756051612258
21.02497296753149
21.048832109127865
21.028099831342775
21.101013063024137
21.1086420983612
21.026554115947224
21.039371754811796
21.05599360462432
21.02846795601324
21.040025574219996
21.054817229648386
20.9768853437243
20.977617699991367
20.973681203184007
21.00949988417998
21.02429972309921
21.029764251821522
21.02893998641954
21.01746894708122
21.03783107039773
21.046441743057986
20.973166238917898
21.02250601247609
21.056048571377065
21.035873112650023
21.025666453948
21.039307735718943
20.975627190706128
21.05608207582417
21.10569792288226
20.97112299979531
21.779412492804045
20.977185193538137
20.978396229254994
21.055969389662305
21.039129634542125
20.977093784744074
21.038708056359944
21.108095377778408
21.05572928592749
21.102759886678665
21.05608423938549
20.97685907055903
20.97688258849599
20.978477205880864
21.760573215624937
21.793843064001557
20.978577753417976
21.107400644007573
21.054839698656046
21.05539253002961
20.978566685823726
21.02832819661326
21.05460203284624
21.055389342427187
20.976998072955407
20.97709864158579
21.026143581472468
21.055647655797905
21.05608532634238
21.028247291178126
21.039895915681683
21.0555389258304
20.976511698790635
21.109756126123713
21.102569994066585
21.031713139527266
21.049331126788783
21.01552854412949
21.02427063786256
21.09540848172167
20.96545509121744
21.016124580740318
20.970716177820613
21.024802726329117
21.056035708545867
21.05317415709231
21.10829497059646
21.05578424239681
21.054669121198483
21.108339440558222
20.975766312183254
21.10472649791231
20.978223712769648
20.97539368530384
20.978104818625557
20.978580616275877
21.775926257057822
21.782416076405067
21.75809712209046
21.7937910820451
20.977740417929528
20.978416382319637
20.972670286702645
21.110522137521237
20.977538913625093
20.9764857718717
21.784077134039258
21.746061282231203
21.784568754778896
21.788744505618556
21.79618443733321
21.76471185454033
21.791777751984217
21.79046437872993
21.78810008642096
21.793841276375677
21.764329208065075
21.795021767304174
21.79721151565764
21.802681150865908
21.785098624569127
21.108603015385903
21.055469433449513
21.039561944731613
21.10599124431664
20.978403727501842
21.051189779389244
20.973950969479915
20.976302041455348
20.977740487738004
21.022501064659377
20.973171868278442
21.03216127106704
20.972457384039163
20.966730917300517
21.050052507969212
21.109686789113645
21.04795422543231
21.102641877211514
21.025555596122853
21.105163415813287
21.060700719260566
21.06619361064975
21.81099689022791
22.45132481296562
22.45477227066759
22.45098651854087
22.452306482615615
22.453642985900256
22.45432158297979
22.44820778174394
22.446308146252527
22.447867188043386
22.453886583998372
22.453714233112695
22.4543481053901
22.4547237296845
22.454598472413576
22.45441526824598
22.453368664496857
22.453031588116055
22.453404626612027
22.451199067289117
22.45473874130997
22.451491103311852
22.45282930890113
22.45373417607625
22.454300159105298
22.454200278356282
22.448388707439705
22.45057352316039
22.451894021424874
22.454677902056133
22.453469399657408
22.454088087389888
22.454311870842893
22.450242140001503
22.45323001254886
22.448554097268488
22.451451044296473
22.45380013352467
22.451695967086952
22.45480999807014
22.45362471083201
22.451865419098855
22.454087982450186
22.447267926848653
22.454155919558534
22.454868123159724
22.447979001005937
22.453077686716792
22.44943261202994
22.541522040132516
22.54092691502132
22.54052485384268
22.53472185013291
22.539990968515163
22.537354069303344
22.549998187017717
22.541153088308118
22.540942919030655
22.51552102511746
22.51557342876981
22.539485071501907
22.53524248957698
22.53981322047597
22.541112907065187
22.534495034138075
22.540771613719976
22.539300751459557
22.538275743226485
22.53653849364357
21.491146257642015
21.461883676346407
21.66809475008198
21.668245692449588
21.655139509138255
21.674475951917987
21.661127682476057
21.655268424224232
21.647564117234324
21.657416476193845
21.619652835324214
21.62528339488962
21.655139762293434
21.44630015018802
21.21002944128105
21.442654998753557
