22.170644156506512
22.177870034110462
22.16390906566254
22.177870034110462
22.170644156506512
22.177870034110462
22.16390906566254
22.14512329359617
22.16390906566254
22.177870034110462
22.170644156506512
22.177870034110462
22.170644156506512
22.177870034110462
22.170644156506512
22.14512329359617
22.177870034110462
22.170644156506512
22.170644156506512
22.16390906566254
22.177870034110462
22.170644156506512
22.16390906566254
22.16390906566254
22.170644156506512
22.170644156506512
22.158096921869234
22.16390906566254
22.158096921869234
22.14512329359617
22.158096921869234
22.170644156506512
22.16390906566254
22.177870034110462
22.158096921869234
22.170644156506512
22.158096921869234
22.158096921869234
22.158096921869234
22.177870034110462
22.177870034110462
22.158096921869234
22.177870034110462
22.16390906566254
22.170644156506512
22.158096921869234
22.170644156506512
22.170644156506512
22.158096921869234
22.158096921869234
22.14512329359617
22.177870034110462
22.16390906566254
22.170644156506512
22.170644156506512
22.158096921869234
22.16390906566254
22.170644156506512
22.170644156506512
22.158096921869234
22.177870034110462
22.170644156506512
22.170644156506512
22.170644156506512
22.16390906566254
22.170644156506512
22.16390906566254
22.14512329359617
22.14512329359617
22.16390906566254
22.170644156506512
22.158096921869234
22.16390906566254
22.158096921869234
22.170644156506512
22.170644156506512
22.177870034110462
22.170644156506512
22.170644156506512
22.16390906566254
22.170644156506512
22.170644156506512
22.170644156506512
22.170644156506512
22.16390906566254
22.170644156506512
22.16390906566254
22.170644156506512
22.170644156506512
22.16390906566254
22.16390906566254
22.170644156506512
22.177870034110462
22.16390906566254
22.170644156506512
22.158096921869234
22.170644156506512
22.158096921869234
22.14512329359617
22.14512329359617
22.16390906566254
22.170644156506512
22.16390906566254
22.16390906566254
22.170644156506512
22.158096921869234
22.158096921869234
22.16390906566254
22.177870034110462
22.16390906566254
22.16390906566254
22.170644156506512
22.16390906566254
22.177870034110462
22.16390906566254
22.170644156506512
22.170644156506512
22.16390906566254
22.170644156506512
22.14512329359617
22.16390906566254
22.16390906566254
22.158096921869234
22.170644156506512
22.16390906566254
22.170644156506512
22.170644156506512
22.170644156506512
22.170644156506512
22.170644156506512
22.170644156506512
22.16390906566254
22.177870034110462
22.170644156506512
22.170644156506512
22.158096921869234
22.170644156506512
22.170644156506512
22.170644156506512
22.170644156506512
22.16390906566254
22.158096921869234
22.16390906566254
22.170644156506512
22.177870034110462
22.177870034110462
22.177870034110462
22.177870034110462
22.14512329359617
22.170644156506512
22.170644156506512
22.158096921869234
22.16390906566254
22.158096921869234
22.16390906566254
22.158096921869234
22.170644156506512
22.14512329359617
22.170644156506512
22.16390906566254
22.158096921869234
22.16390906566254
22.14512329359617
22.170644156506512
22.16390906566254
22.170644156506512
22.170644156506512
22.177870034110462
22.170644156506512
22.16390906566254
22.170644156506512
22.16390906566254
22.14512329359617
22.14512329359617
22.16390906566254
22.170644156506512
22.16390906566254
22.16390906566254
22.14512329359617
22.177870034110462
22.170644156506512
22.16390906566254
22.170644156506512
22.16390906566254
22.16390906566254
22.158096921869234
22.158096921869234
22.170644156506512
22.170644156506512
22.16390906566254
22.16390906566254
22.16390906566254
22.16390906566254
22.170644156506512
22.177870034110462
22.170644156506512
22.16390906566254
22.16390906566254
22.177870034110462
22.170644156506512
22.14512329359617
22.16390906566254
22.170644156506512
22.158096921869234
22.158096921869234
22.170644156506512
22.170644156506512
22.16390906566254
22.16390906566254
22.170644156506512
22.170644156506512
22.16390906566254
22.16390906566254
22.170644156506512
22.170644156506512
22.158096921869234
22.16390906566254
22.16390906566254
22.170644156506512
22.170644156506512
22.177870034110462
22.177870034110462
22.16390906566254
22.170644156506512
22.14512329359617
22.16390906566254
22.14512329359617
22.158096921869234
22.170644156506512
22.158096921869234
22.16390906566254
22.14512329359617
22.177870034110462
22.170644156506512
22.170644156506512
22.158096921869234
22.16390906566254
22.170644156506512
22.158096921869234
22.158096921869234
22.16390906566254
22.170644156506512
22.158096921869234
22.158096921869234
22.16390906566254
22.16390906566254
22.170644156506512
22.16390906566254
22.170644156506512
22.170644156506512
22.170644156506512
22.16390906566254
22.170644156506512
22.170644156506512
22.16390906566254
22.16390906566254
22.170644156506512
22.170644156506512
22.158096921869234
22.16390906566254
22.170644156506512
22.16390906566254
22.158096921869234
22.158096921869234
22.170644156506512
22.16390906566254
22.16390906566254
22.170644156506512
22.170644156506512
22.16390906566254
22.16390906566254
22.16390906566254
22.16390906566254
22.158096921869234
22.278580914337407
22.158096921869234
22.177870034110462
22.170644156506512
22.170644156506512
22.16390906566254
22.170644156506512
22.170644156506512
22.158096921869234
22.170644156506512
22.170644156506512
22.16390906566254
22.16390906566254
22.16390906566254
22.14512329359617
22.170644156506512
22.177870034110462
22.158096921869234
22.16390906566254
22.14512329359617
22.170644156506512
22.16390906566254
22.14512329359617
22.158096921869234
22.170644156506512
22.14512329359617
22.158096921869234
22.170644156506512
22.170644156506512
22.158096921869234
22.16390906566254
22.170644156506512
22.16390906566254
22.16390906566254
22.170644156506512
22.170644156506512
22.170644156506512
22.158096921869234
22.16390906566254
22.170644156506512
22.170644156506512
22.170644156506512
22.16390906566254
22.170644156506512
22.170644156506512
22.16390906566254
22.170644156506512
22.158096921869234
22.158096921869234
22.170644156506512
22.177870034110462
22.170644156506512
22.16390906566254
22.158096921869234
22.170644156506512
22.170644156506512
22.158096921869234
22.158096921869234
22.16390906566254
22.170644156506512
22.170644156506512
22.14512329359617
22.16390906566254
22.170644156506512
22.158096921869234
22.16390906566254
22.16390906566254
22.14512329359617
22.170644156506512
22.177870034110462
22.177870034110462
22.158096921869234
22.170644156506512
22.16390906566254
22.14512329359617
22.158096921869234
22.170644156506512
22.170644156506512
22.177870034110462
23.045650579776826
22.14512329359617
22.16390906566254
22.170644156506512
22.16390906566254
22.14512329359617
22.16390906566254
22.16390906566254
22.177870034110462
22.14512329359617
22.170644156506512
22.158096921869234
22.14512329359617
22.16390906566254
22.158096921869234
22.16390906566254
22.170644156506512
22.14512329359617
22.14512329359617
22.158096921869234
22.170644156506512
22.16390906566254
22.177870034110462
22.170644156506512
22.158096921869234
22.158096921869234
22.16390906566254
22.170644156506512
22.16390906566254
22.14512329359617
22.158096921869234
22.170644156506512
22.170644156506512
22.158096921869234
22.177870034110462
22.16390906566254
22.170644156506512
22.170644156506512
22.158096921869234
22.16390906566254
22.177870034110462
22.170644156506512
22.170644156506512
22.16390906566254
22.14512329359617
22.16390906566254
22.170644156506512
22.14512329359617
22.158096921869234
22.177870034110462
22.158096921869234
22.14512329359617
22.14512329359617
22.177870034110462
22.14512329359617
22.177870034110462
22.177870034110462
22.170644156506512
22.177870034110462
22.16390906566254
22.14512329359617
22.170644156506512
22.177870034110462
23.045650579776826
23.045650579776826
23.045650579776826
22.16390906566254
22.158096921869234
22.170644156506512
22.170644156506512
22.14512329359617
22.16390906566254
22.27166517685741
22.278580914337407
22.265074729029564
22.27166517685741
22.265074729029564
22.27166517685741
22.27166517685741
22.27166517685741
22.177870034110462
22.177870034110462
22.170644156506512
22.170644156506512
22.170644156506512
22.170644156506512
22.16390906566254
22.170644156506512
22.170644156506512
22.158096921869234
22.170644156506512
22.170644156506512
22.170644156506512
22.16390906566254
22.170644156506512
22.170644156506512
22.170644156506512
22.158096921869234
22.158096921869234
22.170644156506512
22.16390906566254
22.170644156506512
22.16390906566254
22.158096921869234
22.170644156506512
22.158096921869234
22.16390906566254
22.170644156506512
22.170644156506512
22.16390906566254
22.170644156506512
22.170644156506512
22.16390906566254
22.14512329359617
22.170644156506512
22.16390906566254
22.170644156506512
22.170644156506512
22.16390906566254
22.177870034110462
22.177870034110462
22.177870034110462
22.177870034110462
22.177870034110462
22.177870034110462
22.177870034110462
22.177870034110462
22.177870034110462
22.177870034110462
22.177870034110462
22.177870034110462
22.177870034110462
22.177870034110462
22.177870034110462
22.177870034110462
22.177870034110462
22.177870034110462
22.177870034110462
22.177870034110462
22.177870034110462
22.177870034110462
22.177870034110462
22.177870034110462
22.177870034110462
22.177870034110462
22.177870034110462
22.177870034110462
22.177870034110462
22.177870034110462
22.177870034110462
22.177870034110462
22.177870034110462
22.177870034110462
22.177870034110462
22.177870034110462
22.177870034110462
22.177870034110462
22.177870034110462
22.177870034110462
22.177870034110462
22.177870034110462
22.177870034110462
22.177870034110462
22.177870034110462
22.177870034110462
22.177870034110462
22.177870034110462
22.177870034110462
22.177870034110462
22.177870034110462
22.177870034110462
22.177870034110462
22.177870034110462
22.177870034110462
21.203343989352177
21.005571053161095
