20.974036442975827
21.103685926315368
20.972184828336662
21.041542544351245
21.04251507761454
20.970696957759742
21.021505731085476
21.032484563822546
21.04450760622615
20.974291304535747
20.967656967341487
21.104143084420045
21.033483196289783
21.104686028963695
21.02422650432758
21.051680299415686
21.024253501847898
20.97360895300603
21.10417820596763
21.034543915984397
20.96958048572462
20.957653220869123
20.75484821044734
21.015048340705782
21.014283678033777
20.964124709651337
21.01728080841304
21.09597239736656
21.030254940522088
21.01871198882971
21.05221315540803
20.969555428784048
21.10339725602415
20.97378304062361
21.04917380261789
20.974872561672136
21.798946630994248
21.098089578633008
20.973760887798743
20.973052484730797
20.97349362288914
20.97468952105924
21.106760470805206
20.97409530786146
21.773879694023318
20.973467277090915
20.973123622762827
20.974689020586094
20.969107216159493
20.974006124118382
21.77419879489452
21.777145397526457
21.7894150984239
21.755866435053466
21.7892763233957
21.792127008137953
21.798473458109825
21.79659191947504
20.97452920631778
20.974839192283014
21.794597905794177
21.797944011265248
20.973960385264853
20.97332906050372
21.10437067539185
20.97306976601538
20.974183670183773
21.036105767571062
21.052053941565976
21.10675437504841
20.974489465851132
20.97276583699274
21.05165852258369
21.027759504757693
21.000679080443476
21.017673252875124
21.039255465459473
20.961641834597234
20.961688161054056
20.954529629227515
21.016282513820318
21.03265374616283
21.03601103020334
21.04935071552331
21.023237925658243
21.051952876144533
21.105093743896386
20.972881901501776
21.034074139459875
21.03196035209626
21.051732330288853
21.031492797415346
21.036078060626842
21.106745935663422
21.051310537137148
20.974504742089458
20.971999830288702
20.97461282394473
21.79262554096902
20.974710192171067
20.968906428088058
21.052190992838156
21.050942779606633
21.050027700943726
20.97465595613345
21.741349100935235
20.974784232994917
20.974880799735185
21.051064486183673
20.97198640415029
21.78727244412376
20.97436574696799
20.97480482431286
21.106645463933102
20.972662695375337
21.106276926374363
21.035590011489308
20.971000251767457
21.024366071802074
21.023523622172057
21.051650626295984
20.974327039580633
20.97112564548103
21.051943247238636
21.032071874929848
20.97030924956017
21.02193937364941
21.105215975980585
21.018599615811425
20.969404129881884
21.04503985970853
21.045178834284712
21.091747579079932
21.02956722179766
21.015550799540097
21.05160640718656
21.01760874208599
20.968065004963144
21.021724959928942
20.970346705053494
21.045734150392676
21.03601520303071
21.038796383874406
21.101844777565137
20.97459028910854
20.970149182015042
20.972952278706344
20.974420260914375
20.974347600085494
21.7989761992236
21.101984678951222
20.96920045431042
20.97322501767895
21.10287352771136
21.10604739272665
20.97487166799535
21.780276945862052
21.794170921095557
21.764805926706423
21.794121716784854
21.79568003593663
20.969122254844105
21.035779734739936
21.046611707385605
21.034136743135736
21.104939082804247
21.033069245446196
21.106768101784525
20.97026573081464
21.101240304094524
21.097777174179036
20.974863890915966
21.049010484707708
21.05043080566382
21.104247387804783
21.045945664358825
20.967611905277113
20.968831798085066
21.106371242779623
20.974776778005335
21.771783735814797
21.049542630442165
21.10340902791321
21.103612258679323
21.098573715599702
21.77040362694587
20.97421618745381
21.049732035054383
20.96216915430515
21.798510041117527
21.100178134019092
21.09827400580497
21.095269181969535
21.050543899763145
21.09404065244831
21.09771716211277
20.974816536755316
20.96803166066533
20.970692630195046
20.973259376892795
21.10453768558402
20.96875173849787
21.106686086390503
21.09676822539638
20.97088828681393
21.777172572964343
21.795396458728547
21.793324692247126
21.78864722363467
21.79049653237888
21.774968659596773
21.797411241340626
21.798373008309984
21.798632435758922
21.78983150925412
21.79907164657136
21.798924708356825
21.797340377478424
21.79889689706963
21.78972602270744
21.798633131860964
21.79856388173974
21.788644306477934
21.10272616519424
20.97497073945326
20.975163880791456
20.974849800336138
20.975130335070297
21.102938375087916
21.106990409597223
21.03643738525033
21.096457309537254
21.023995522931077
20.970080805929975
21.033309005462513
20.95937721187925
21.08652925485174
20.95265061593974
20.96195281206075
21.04090127024638
21.05037679463898
20.972589235287835
20.97388614464244
21.78396301093199
21.791455180085908
21.792893516903444
21.76885471325261
21.79445953752948
21.107049272335445
20.970834832601206
21.786037594111033
21.78693681809379
21.105726062540484
21.106528784669123
21.107219605975345
20.97155663109998
20.97442318905494
20.975277205493875
21.735747857095742
21.77190719164212
21.103825017969715
20.971343220672406
20.971916450205825
20.974540677672277
20.975147203514364
21.79436603642442
21.760363663095497
21.790098544434116
21.10721122227636
20.9747463948873
20.975216035211158
21.115760987906512
20.977608165612228
21.796122500433388
21.095780371028255
21.013322053301156
21.7278243003879
21.18055962170653
20.95150214086173
20.961740588374393
21.066535221490355
20.96253232656582
21.038891538266387
20.99896539662398
21.011022308401866
21.057013445403033
21.036198906389018
21.031807195280177
20.914435571899958
21.014092020329855
20.9151768367446
21.046741109321502
21.100412085246234
21.026492789726806
20.971373208038866
20.963439978538595
21.74184439067898
21.74556602920841
21.69918374823589
21.749329292925445
21.761790742222068
21.035710591361923
20.9374805950915
21.72267388506786
21.69959217543446
21.075224562993203
21.031638442627226
20.938021926228643
20.959789366204184
20.96283414475051
20.956616308454446
20.957812537759548
20.945435890142427
21.67990226927574
20.940687510200917
20.949512229271605
21.649920020024062
21.7084375528804
21.718416406377678
21.685740646028126
21.73549144541578
21.730375167855932
21.751320910854265
20.956543905612104
20.959829670398154
21.683246493953
21.739568628403045
20.973866393068523
21.0493342157548
20.974241877511652
20.975237699897843
20.975195106179367
20.975262269361703
21.052208877943304
21.10464240266365
21.024293827686037
20.969069746676738
21.02958459089123
21.045905704545337
21.092893481077184
21.09180807554592
21.09172725319416
21.090927672316546
21.038718985946048
20.969672076160343
20.96829260138212
20.97518909291604
20.96945820940643
20.97166381795296
21.792368379404685
21.79754382778467
21.78026558157177
21.799607434137794
21.7964638186204
21.769088043507594
21.10637512851768
20.97496825655312
20.975176052857517
20.975277078525906
21.104665593719094
20.974041470170178
21.798473640897246
21.78888146547793
21.751823658045712
21.78226497103741
21.77767860719802
21.768449379914333
21.78650414164084
21.749126404012216
21.78667616059682
21.790134609952784
21.79812431260276
21.771680102438097
21.795284591848617
21.79416851783852
21.792035632944522
20.974553175904866
20.97457996449093
20.9729689346611
21.79809801118098
21.7872656452982
21.043682950699758
20.975261241473582
21.76919444375857
21.776775271540263
21.107180142695903
20.96918150118586
21.107217764139182
21.107223322246316
20.964201205468417
21.07108015184106
20.95939324594897
21.083050446423627
21.08265400428519
20.956582060111177
21.0713911000342
20.958532574372494
20.96389849861725
20.972866857164078
21.05170988110381
21.107015915358947
20.97527545907507
20.975027406776857
21.7939073468893
21.768301326401733
21.79612362305783
21.799030200924015
21.760769146331686
20.97517324189553
20.97517839912499
20.973651547177052
21.78270713650697
21.107189058602692
20.96986799833981
20.975204543530147
21.780528959027766
21.733184688476015
21.7736694392696
21.766479092498535
21.754944612354464
21.801435757813074
20.97317012662391
20.962392765314398
21.78164407359475
21.795199082752553
21.763075637502276
21.791255771147817
21.78981111329092
21.10530762309823
20.974913625912674
20.971752249185446
21.794833727024653
21.795774722131274
21.782052279594375
21.09438003911581
20.97501790979999
20.97357586339116
21.761568285944943
20.974826806930093
20.966210883680215
21.106758129053468
20.975074158997057
21.015520244347776
21.088910520860733
20.954098409523684
21.073903444999736
21.02223433176507
20.94039500153003
20.951462092597637
21.08486850793209
20.974092791110156
21.048526352865906
21.106871512867194
21.107222957191762
20.975250936702228
21.789390403347387
21.75956447254785
21.791165075598776
21.797073285984318
21.786243092004774
21.745023962645202
21.780399251725807
21.100141741379844
20.97241124221618
21.78608862820329
21.09439802340232
21.10617600551648
20.975266180394282
21.77410293667683
21.72256768840563
21.75899545611723
21.746696500360134
21.75197611583164
21.77014457679898
20.95828001375289
20.971545575504706
20.97333707244283
21.790376472243224
21.786089664867646
21.783408312792037
21.77242631911546
21.780139861709504
20.974905802181773
20.9683565438207
21.790136635831086
21.790849039922467
21.753808035801068
21.10720679850813
21.10631392812734
20.973735677476835
21.778958810563008
21.789713097568814
21.100153948051908
21.05267135882642
21.094258573447643
21.01988675718049
21.042084531126257
21.034128945904158
21.085307414556027
20.95663077967528
20.958023765748226
20.949156955762742
21.09283895100391
21.105360429842737
20.974543663377943
21.106010117265722
21.05230356344058
20.975276961531627
20.975194725144004
21.793909253818146
21.795434733410264
21.798456410999233
21.79201711934336
21.760493006572666
21.786528278439704
21.106784921409936
20.97329453897567
20.973718329691593
21.757076948591855
20.975274916828315
21.10707704857414
21.781011666498806
21.734040656835948
21.77285787210061
21.766990604517392
21.75619759990117
21.77816385343386
21.732266834199052
21.776350090774777
21.781458958209797
21.795106927037157
21.764150725151424
21.79102455358689
21.780825916226547
21.793602675421926
21.805934089299505
21.10719734743969
20.9752440082663
20.974678627340676
21.739996855102476
21.773527478762144
21.04971505846248
20.970369558162876
21.783255264281596
21.735232324452863
21.106228198284462
20.974728481224698
20.95663803432033
20.938175704666524
20.962368936556693
21.07540361616285
20.948814492706017
21.072624638126456
20.937793100988195
22.80272471743092
21.821753913478005
21.76379737673615
21.68812489532435
21.821753913478005
21.821753913478005
21.68812489532435
21.68812489532435
22.80272471743092
22.80272471743092
22.80272471743092
22.80272471743092
22.80272471743092
22.80272471743092
22.80272471743092
21.68812489532435
21.68812489532435
22.80272471743092
21.821753913478005
21.68812489532435
21.68812489532435
22.80272471743092
22.80272471743092
22.80272471743092
22.80272471743092
22.80272471743092
22.80272471743092
22.80272471743092
22.80272471743092
22.80272471743092
22.80272471743092
22.80272471743092
22.80272471743092
22.80272471743092
22.80272471743092
21.68812489532435
21.68812489532435
22.80272471743092
22.80272471743092
22.80272471743092
21.68812489532435
21.821753913478005
21.68812489532435
22.80272471743092
22.80272471743092
21.821753913478005
