21.41857111651431
21.431728875687234
21.401120008269352
21.434352640239275
21.43764018567805
21.422454366784375
21.423673661945337
21.405989114209916
21.407430588814734
21.405748581234793
21.423365248083048
21.37946456826981
21.415002468178187
21.42695648784394
21.401840977657816
21.4238400500497
21.418636517504115
21.433245538297648
21.434705475714367
21.405357670452396
21.437325289380524
21.427249272707833
21.44526032483454
21.450166378153057
21.451180669814054
21.44604117087657
21.438895011467125
21.446564898580416
21.452598779786364
21.4518896253289
21.435921333168004
21.421658287075253
21.444143273126365
21.425428338290075
21.42173246202652
21.41995545414044
21.42318307717748
21.42877954488084
21.433327333850247
21.45652666497034
21.444704558607683
21.452936010564578
21.456305985059846
21.443045887945768
21.452050018941783
21.44906357078799
21.456560322349606
21.45587497231424
21.45590781882233
21.448399629988472
21.452543806348714
21.454990849517078
21.453031587071884
21.45631894338549
21.440328407954127
21.452999653765247
21.45654310391609
21.452812571776928
21.442090944699935
21.452874354970454
21.44602208988986
21.444891821570156
21.453218555448398
21.436567038874816
21.453745273579443
21.46790436935809
21.45592114652576
21.4478934751207
21.456101702377012
21.449085857945743
21.44858380625264
21.447391716448035
21.435085877431973
21.452986898899397
21.45615294796907
21.46580080056476
21.439737123467925
21.44446987308349
21.44206920824863
21.441286362928814
21.445195862293343
21.428540876111843
21.441963762156014
21.4501770478026
21.411221216567057
21.453646580466184
21.42650336840283
21.42938829764118
21.425006140878665
21.422250631185857
21.41283413470472
21.432873011690194
21.455865414737005
21.464729424605704
21.469885616489954
21.455121512105922
21.443833774357905
21.444814273422512
21.45594039113275
21.430787480623543
21.45302366351089
21.454617119874058
21.445845792071612
21.446318603672022
21.45320362929736
21.46270959532971
21.443726823049364
21.43954104369261
21.44749729003969
21.449425075395766
21.434802909749852
21.442149245748254
21.45920509097495
21.436882972231846
21.435909556552385
21.441361388791574
21.442050273130743
21.44793247563402
21.468590135657504
21.43225875300865
21.45160685592806
21.453042990101615
21.463971562241504
21.480103702965696
21.42810486994011
21.45234740217217
21.455656255560385
21.450067423613753
21.43458833014628
21.449132036091815
21.445485114100123
21.437731332229347
21.451533682028018
21.417109693507427
21.466820275827622
21.45191247252687
21.41359624087616
21.411415996415162
21.421676373377153
21.42193612353942
21.417022864409116
21.414700487277997
21.399073981736294
21.41264326022058
21.418888600203108
21.446096945515258
21.438513420729098
21.441506449058295
21.43830664608967
21.439162568881795
21.468587884383684
21.440008785938872
21.469165921113888
21.4444009489473
21.452391753761148
21.44471868647646
21.46426670753372
22.070356508100797
22.07021052827973
21.441316972179244
21.433279640056377
21.44306751032572
21.454805164404352
21.4303504285624
21.43924079385144
21.4423046692371
21.437534291823958
21.44917748727179
21.44370617560979
21.4184579675786
21.44916064646504
21.45268847335415
21.438663902798886
21.453728011753768
21.44105104635609
21.433930689673556
21.44626532858123
21.441156625622536
21.45475339893573
21.449769213920746
21.45135487660159
21.43801966316323
21.45086641367994
21.443734218568274
21.44101254981496
21.444092026947335
21.43107084093091
21.453780847886485
21.44905075892118
21.426944900894796
21.420259809527717
21.438087992935326
21.415525251270694
21.411757850769213
21.42553408049454
21.430116550266035
21.435671271479276
21.455279880058047
21.44069138881083
21.45167705280765
21.45419374300501
21.452261666563686
21.455374389668204
21.43811939921
21.455934619343232
21.447941792235692
21.449974000348163
21.457038325403854
21.453940490490215
21.44483205714327
21.4466844906567
21.4549725375789
21.45056127376866
21.45563548141957
21.455107072778958
21.44793019713136
21.428346146684152
21.43928665256323
21.4349209561646
21.433635001564415
21.43617591804843
21.438265751038152
21.44907242661043
21.446200362996095
21.45021549859299
21.450479937546152
21.44790280091541
21.44854545789876
21.448586073551034
21.445325751235114
21.42484603672095
21.451609736691292
21.454510489768754
21.4344042130683
21.446137787726265
21.44220152464163
21.441834416961346
21.43226274280995
21.448531531545854
21.441215813708563
21.449309338221816
21.425851814822185
21.416556114725154
21.434897515071196
21.424470272414567
21.422830635032447
21.414221130930326
21.41602563939264
21.39460480886447
21.428581535727705
21.442314791956388
21.43909015558755
22.0805428864226
22.079887809332714
22.075584175607545
21.439030538903726
21.44595888054423
21.446937767267723
21.456497165792914
21.448503982207395
21.440478969742387
21.452730466575833
21.43750979761225
21.459840349619377
21.44513042488721
21.433389491116387
21.451265447051885
21.45079662825745
21.43676003997858
21.418722948470197
21.447721382611487
21.437547485213788
21.43697461854234
21.437573702947613
21.411475347460676
21.447517255152835
21.45244014113639
21.430689908975904
21.449400001175924
21.45001698549521
21.45988913092105
21.453448006349113
21.435706694058002
21.445393199495168
21.450396838202547
21.43047419293561
21.407520775779947
21.435645759859856
21.429006524669408
21.44217519613134
21.441594247274036
21.403013340400797
21.440299494783197
21.439094599264216
21.405668079184327
21.391870680201702
21.412457703418664
21.3972042441322
21.391504709363222
21.40015833743253
21.37536617628637
21.40523019002378
21.413599146767474
21.444443663698607
21.431918673242468
21.436214437460368
21.453614265822424
21.454171724217648
21.44735479495118
21.425989991360787
21.44831068303386
21.44822873131577
21.440920608340903
21.438996897279583
21.43402684701173
21.42116736375093
21.42923357296021
21.442563020154566
21.414102418581273
21.441869879248255
21.445193782230017
21.41341258679567
21.43328965535296
21.42824184827683
21.41713349266599
21.42042929129517
21.43507517322028
21.405323399020656
21.435941209277225
21.43213767243822
21.420728139228753
21.45700764034317
21.43719064795242
21.443321831296423
21.427752224920116
21.441115575345247
21.40162039993269
21.4397468514705
21.452853393691523
21.432219059646172
21.449168744326712
21.449196521343517
21.435006573162706
21.442624469594925
21.445763521655174
21.4460877533049
21.454794026700736
21.421253675201108
21.42376791207171
21.426614205136374
21.416287987183473
21.42362276945411
21.444011580409008
21.40129310416912
21.428978688187957
21.436965756116344
21.455799910336747
21.450645971482878
21.45597183337633
21.446499170364266
21.453923220001244
21.456132548546517
21.44410550612066
21.452801540818232
21.456671088643045
21.45419030051597
21.440754753514
21.454698524959674
21.446552880897595
21.44685454399489
21.43550655902935
21.455984662809247
21.455960466870277
21.45023317284754
21.43178704009836
21.4508419644065
21.44050535296442
21.427872226013104
21.45092476846515
21.425403765573034
21.447900979028933
21.438969363266004
21.468272996113477
21.457678026563855
21.449454458049885
21.44137397651308
21.45010879599657
21.45517864228735
21.43079840680065
21.455637499923967
21.44661674967265
21.440060129152844
21.453771674349223
21.451226816902807
21.44869992605604
21.438789080831366
21.45181919011329
21.42460482585168
21.452183018097802
21.43674528038956
21.4407546931784
21.44316817287054
21.447215210291965
21.43256239686648
21.4154067163903
21.43165099493852
21.403479351936223
21.431618573095832
21.456506978100947
21.44894984214168
21.447875595611546
21.45600691791911
21.445318422706954
21.445826728881567
21.45647203230111
21.448142622075633
21.456543193135026
21.451808227985314
21.443895885978563
21.447122961957398
21.454210914715127
21.451552692099273
21.450496170659477
21.438053243992165
21.45303776493068
21.456422562125866
21.451645023252105
21.440728797894643
21.44365223702408
21.444612204572802
21.442729728774303
21.46600982435322
21.429446591971075
21.44915367361107
21.467188432683834
21.45163009713198
21.4335984472818
21.45191804047008
21.438382946620756
21.447801500253146
21.455782281913898
21.4562222133825
21.44399613729134
21.455906791989175
21.452799773250728
21.452758058443983
21.446627112749535
21.451595113597936
21.44170535678075
21.447840606046142
21.44564291616303
21.444152688363406
21.44427803769951
21.44427955744103
21.451416228244256
21.443743090522354
21.44060842526388
21.44481560499734
21.43770457166211
21.44502410489582
21.465241993674102
21.443862190268554
21.447267954103523
21.45252551972016
21.452781109922164
21.47035307951873
21.451845681775083
21.45385812718224
21.443124346455278
21.445229068834404
21.454322653368635
21.456164417522952
21.44428556146463
21.44742547731065
21.446912031850967
21.455711152536853
21.443103105585248
21.44721285862449
21.44739702235857
21.438062916699188
21.452549252548707
21.468544024556063
21.45315890554562
21.443398678015303
21.470142195394217
21.470224489546613
21.456309495187845
21.44422551422986
21.450392056125047
21.470174510811116
21.47033329506804
21.4560060512108
21.44693831396373
21.452103616398738
21.455561866280664
21.45603619098344
21.445572629441873
21.427457977911146
21.441489112982456
21.4403783306659
21.424292454553395
21.443287981669013
21.41449686530925
21.438935917339485
21.443795301388192
21.409122582077636
21.41146334321304
21.42999140309475
21.40277846994327
21.40033741128563
21.408296506034954
21.385486912246858
21.40848245354778
21.438399336310756
21.43898986259134
21.456763332972994
21.46367607078051
21.433346259423452
21.46065824220109
21.465502936884377
21.43486128194222
21.452383534774487
21.468329241042014
21.45978663500594
22.07007340005312
22.06692650621202
21.435556782309234
21.43848998144069
21.444915358966533
21.41706184823118
21.450197760553507
21.441237153434315
21.416086119156628
21.430400871906134
21.432791621536186
21.4297087846594
21.41969008765785
21.437893787016115
21.418348667147583
21.438988754731554
21.433455509053985
21.419703277335575
21.448840996231624
21.440745147501108
21.435551048339757
21.439572733401477
21.447680984012017
21.427380571858016
21.44913669896432
21.452664372763603
21.4539498980108
21.45633004854454
21.456171675945438
21.45586989267464
21.455575338430275
21.45563260624099
21.45091373089858
21.452390527568124
21.446330604001986
21.44982801205984
21.449816542251146
21.445898171117847
21.43694635181635
21.441458697378174
21.431293894205943
21.447079954024776
21.441896340333695
21.456276964571618
21.454136701483677
21.451462392962256
21.456056466278298
21.45572565631865
21.453521715500383
21.451894545142064
21.440929988852826
21.45166190823475
21.447181066222406
21.455277918170825
21.45251542446158
21.456347547199965
21.45271035999001
21.45396515390259
21.450288713820296
21.442106520892597
21.447829880336172
21.448914010851208
21.45635451786955
21.44707214836258
21.446054007982518
21.45413573464265
21.456342671658827
21.445938604661116
21.45623768759539
21.45181275377692
21.45545505218901
21.446998305358374
21.45264170952082
21.470344813899732
21.456228596598553
21.45123485949843
