21.689368627708507
21.756048091176694
21.744126785766152
21.125941672222545
21.12921568309388
21.06748483621491
20.990066034597174
20.991621028619736
20.983446026108183
21.132608149545828
20.982666476829074
20.98886704913407
20.991216754937245
21.131393001758575
21.07428253250281
21.12995178682147
20.985701194024763
21.13257835362359
20.98793190623042
20.990463661942073
21.134829107976945
21.0774013902157
21.13502060158921
20.9930505416187
20.993298357374485
20.990003329449856
20.993128308570284
20.992434193390107
21.134669198545726
21.132650182431625
21.07768045517779
20.992666943275776
20.993420423426386
20.9932528387802
21.077462371263355
21.065556683575995
20.992073770831382
20.99347916421429
20.992832049334822
20.99342342232837
21.768891490845864
21.770029888771088
21.13454180872953
20.989921330905158
20.99083684552539
21.127393535972633
20.991052653942518
21.13510111474696
20.993102915540845
20.991142478873602
20.99207038328652
20.9882611730122
20.976752147144968
20.99344931798511
21.741708936977663
21.752305757916094
21.74318616293571
21.744828926007468
21.750383921051604
21.755665175175768
21.78583328899445
21.76385136312548
21.070934246515417
20.988443685029768
20.986076836707745
20.987452466859292
20.985899966851896
20.983573117995928
21.129849728898197
21.07358139973553
21.073768620185
20.99190681353952
21.056926240956457
21.133474445014734
21.134846345034234
21.077040663182398
21.05343976801311
21.05626691818745
20.987694881950823
21.056195546400502
21.056933466374225
21.13424860213154
21.077498348932874
20.99337426756376
20.99344427071102
20.991140472770045
21.133835294076487
21.127135471015514
20.990262000892475
20.99340928294665
20.993102907388277
21.135000445862357
21.077745655439195
21.07773309181528
21.076380632100932
21.072423124604654
21.131919993780212
20.98879831912617
20.992796897391937
20.98692187835868
21.13418728725512
21.05319970519779
21.044308372825146
21.068871301930056
21.037873798581
21.07774348366686
20.993123657230687
21.044762775127133
20.992683823209628
21.04324059628218
21.045608626838124
20.993313300461832
21.06150378351087
21.077574290887668
21.060042406946156
20.981262096441128
20.98548438687677
21.03838878695997
21.03758923661374
20.980206265831267
21.03419744336235
21.069661872266206
21.054463717143783
21.127422993290708
20.990280822915974
21.04395366685013
21.07625190082996
21.075182340555454
21.04523703324764
21.049719183005834
21.075411595768703
20.98889066162526
21.134591461680913
20.993479822334375
21.04620781707491
21.07769876188103
21.05663840623289
21.046926783163876
21.05443775552658
21.128404892953817
21.07371937644028
21.13461024564575
21.04726546958354
21.055993905861207
21.056866500038346
21.046715319648165
21.053737079297992
21.07721226639159
21.068892957896068
21.13172023321502
20.993107821153064
20.992270184497645
20.993000539991368
21.135102607159048
21.076241952446406
21.129796238996846
21.040585316789997
21.07352071356958
21.124994649774216
21.124387566578026
20.98111133903722
20.986884829447764
21.122347358456654
20.962488586415045
20.959428224964515
21.707110918990494
21.102521870465377
21.103998482953763
21.04766088319681
21.027881397912804
21.102397386600355
21.101296059412352
21.074439153149225
21.045271081482614
21.134314877708608
21.134940066594677
21.075927238249275
21.07773410771869
21.077296251526917
21.134945370609614
21.134430294045483
21.07765372339534
21.06000863057211
21.047265675623624
20.993129773968928
21.13120268297534
20.99326518989015
21.045929927471544
21.054936677883777
21.047259986227534
20.99343374269185
21.060633401557638
21.1350829414542
20.992945527961105
21.077271398479507
21.075429140961994
21.076299608355125
21.133196935504152
20.993417303039394
21.129705592142997
21.074774430667713
21.130600663842348
20.992823420253952
20.986292548706103
20.99194491882897
20.98911367191927
21.784129677811638
20.98472128661001
20.97984722101983
20.993210953558876
21.13337424863542
20.991670156862035
20.99256160756022
20.990522928907346
20.992378474992982
20.99335334816736
21.785505818123916
21.767109157544745
21.784216788855783
21.785792212359123
21.784568347947086
21.785839833801525
21.785671410734682
20.97947056331508
20.978430486355727
21.785807865643694
21.759457512190746
21.785844905115432
21.784755431300862
21.77976314180855
20.99208354397175
20.99040031974408
21.133171427143772
20.985318349524565
21.075520867751948
20.989138406452977
21.13190585417701
20.993437080374868
20.991987733675245
21.07746751666197
21.077582694611017
21.130832467327266
21.132045761269666
20.987969605385395
20.992345975072876
20.993412257957075
20.992179788117248
21.047127434943313
21.134764725192163
21.134561377004548
20.983307012874725
20.99331969517105
20.97438600520541
21.069272802044452
20.990742689307318
21.12363470235577
21.131663809221237
21.07058036178208
21.121151675405617
20.99290227332364
21.724330212030036
20.99197383175944
20.993470734585237
21.13450181048073
21.07624542918692
20.99338362983671
21.765808604456943
20.993349290285334
20.97035421577922
21.077658269343807
20.967480134415503
21.118327481833386
21.06392479826722
20.981053183961482
21.06350540209729
21.061225302341857
20.974205815078857
21.12162314392423
20.99330308786012
21.129440670732908
20.990563559989884
20.987151040402562
21.785488765310774
21.78536254788976
21.78573039089706
21.784775574843472
21.784439983011033
21.785439573234072
21.7835280929453
20.992689403838988
21.13161253275194
20.991978054457665
21.132996697850096
21.133205235203615
21.127898229221113
21.05433441409201
20.983837627947352
21.054971886889515
21.134490462422807
21.054421257125565
21.055813094458177
21.13316111319686
21.050970795404982
21.05914419743873
21.04652091799071
21.03039013250211
20.97739779019237
21.039727068411572
21.11324215048309
21.116635234391836
21.042636135887236
20.972242349282677
21.131169591410483
21.07423102522967
21.072464530809143
20.991346938909768
21.134091702338623
21.135022330779076
20.99217032807759
21.076824412115908
21.075283963374368
21.02581210184775
21.13121209630018
21.095746447613106
20.971819688719425
20.968520402139188
20.971457713217024
20.96868862937418
21.10105425492049
21.03656427472927
21.046795048934428
21.054779668791312
21.048306973007417
21.062711031322987
20.983055588256587
21.03442048956535
20.981826546043337
21.02521160812706
21.033284411342095
20.993389154576764
21.048806722441544
20.988381891162856
21.125085971734073
21.129587458864936
20.985369402705377
21.039683125978115
21.041298097505294
20.99346794259113
21.031500861237312
21.06912866576428
21.042339087333048
21.12501192985825
20.98819183437641
21.069836912345064
21.062932063997824
21.044596039822707
21.04403678465947
20.984681150628848
21.044600089255876
20.99333876210492
20.988852079726843
20.992851320921286
21.04598434780931
21.07197907846243
21.13401812627708
21.054507789685974
21.04668177136227
21.131791293700303
20.9902401383006
21.126971109207027
21.053629528467056
21.04285689514757
21.054598870598323
21.065577317194634
21.046836408272366
21.120948895441156
21.127226309213693
21.127690028998916
20.987341256824898
20.98527102783923
21.068913607404333
20.981836308936053
21.130761033996976
21.051282624106644
21.077082982412325
21.077733581841585
21.134037321533025
20.9931857189737
21.134364380546725
21.077428981077446
21.074319919353126
20.991451631868124
20.99047289069512
21.775155830626655
21.765624513396794
21.13486240402839
20.993456853123305
20.99327866615067
20.99337376416142
21.13363693661723
21.039893475228027
21.04570907748076
21.077704366138555
20.99342446348
20.993066282044406
21.05679680138323
21.056922392014837
21.07611190814584
21.040849382992548
20.991987012862054
20.96453171853606
20.97432089684535
20.98406035396553
21.05464176463721
21.059356093832452
21.11833289288083
21.025813257289695
21.053175046578016
21.073173989178024
20.990800429250406
21.07727662562544
21.13503261467361
21.056198050302765
21.05663917410224
21.132596197773143
21.045853047209786
20.987416360125266
20.954008680225144
21.05872481381456
20.966458114854337
21.783295655726576
21.106700231358708
21.103698538464126
20.95993757718104
21.782851564001806
21.78286595075027
21.785080271207466
21.785731131476176
21.78498965119664
21.06765973135581
20.978247869949303
21.122292802633748
20.97158032305441
20.99316373642075
21.785484621141606
21.78578905699568
21.783800310770534
21.7858302712163
21.785267532300768
21.785222862928396
21.785607637894625
21.11985248832852
21.077737703411614
20.974832353054133
21.785832875506042
21.784482050350427
21.785831590621736
21.78560080528446
21.785812428198202
20.977593024087685
21.04413560146706
21.07768784626566
20.969976673544757
21.065119403812425
20.987682064949567
21.04139860245271
20.981092161682618
20.982918081547123
21.05975503767771
21.07642409284036
20.990267764632833
21.074974459456886
20.99287519301507
20.993112041370136
21.04718654946321
21.13491493402836
21.04718556115983
21.134158171324923
21.04833140657916
20.989276006749684
21.109916101414623
20.97464366412169
21.110401366679085
20.97335436471966
21.110572628693973
21.05064484891237
21.05010482328051
21.114395704394568
20.974196689775013
21.784726549224875
21.128024558016648
21.06612318941192
20.985312673602575
21.122860855445133
20.98317400194806
20.97576353734958
20.993472421639286
20.978760527114233
21.127602318042655
20.988855213306262
20.984906634337186
21.130753848137246
20.986391057047573
21.119422836229894
21.123428477642662
21.120484566833884
20.986690627504604
20.989310356787687
21.12694742309126
20.98881527214015
21.785594195752562
21.783900868617174
21.785114852887443
21.758406728135995
21.785713761902766
21.78522200765633
21.77750426633351
21.785836216811184
21.7825939111916
20.989951330740578
21.127006795441673
20.99344774057233
21.061462720725903
21.134968035991893
21.0769592769475
21.07598993813964
21.055933898653166
21.055816930430694
21.132952859075893
21.05643710005465
21.06206916805209
21.077658881812383
20.974165968967164
21.03776112238152
21.071607364061833
21.07077341328936
21.038272493176937
21.036635645788625
20.979111118878723
21.039633143024684
21.132696272307445
20.984314009718886
21.054395539806002
21.074028107700165
21.13376050410717
20.990451581701155
21.054589180375068
20.98567250197151
21.074818999219637
21.072277626543126
20.98839513902981
21.077737312005986
21.133681476166974
21.13504251287235
21.13456479656413
20.992677774810378
20.988892731065913
20.989573055650094
21.05227882845283
21.046572716714067
21.13508984790832
21.076126659589086
21.046965095306245
21.134420300757824
21.046607158167568
21.05331946762605
21.036918445439866
21.030618330212018
20.983681463173905
21.073903592455405
21.121287778809243
21.04250692433437
21.067013581475024
21.785466188677805
21.04367732731685
21.040665081697565
21.055763643572746
20.993095061719515
21.047208766258724
21.135067027163515
21.05646069959466
21.077720413121355
21.135094532024294
21.034744208230673
20.99077994937356
21.022134628657106
21.0592082322759
20.97892848983336
21.039720718289615
20.97691342723425
21.058808701397812
21.054384981188914
21.033594623837786
21.04725079962728
21.034175245324306
21.06914842136146
21.052811591206865
21.12523607816757
21.051183827168522
20.986108448645012
