14.857129726918977
14.844173523006548
14.856958826388503
14.844163147885176
14.856958826388503
11.592925792333908
11.640030470473981
11.63416372584136
11.63416372584136
15.234327650203902
15.239167485013434
15.238056404432166
15.235880481432051
15.017105461183775
15.015201854107136
15.015554430196433
15.015337477655255
15.015337477655255
11.621009847672802
11.637864673514393
11.62742214853037
11.62742214853037
15.230267197028596
15.418735776410285
15.422276299446118
15.426408839915554
15.081949159968843
15.081729814633523
15.081932082147793
15.081932082147793
15.081932082147793
11.595231862828532
11.629692457721877
11.629506908306531
11.629506908306531
15.375910232082823
15.37487559438478
15.376404298723303
15.376134036929649
15.281151295573784
15.28641915606535
15.287156787403005
15.28670513780673
15.28670513780673
11.626055597269053
11.629061182591201
11.615612553152637
11.621213637456519
14.917930302129282
15.08378671268706
15.097121251673205
15.099302596251345
14.889636500947452
14.889713870099966
14.889682282318379
14.889682282318379
11.556913537732942
11.556913537732942
11.56379865303954
11.568737655704206
11.56720944575725
15.131176956611275
15.12723246224346
15.127828756605153
15.127828756605153
15.115348565188492
15.124901388090672
15.124893436384504
15.125143676340597
11.578288807855435
11.629556110944298
11.6432275501743
11.6432275501743
11.641839299544026
15.042830831180627
15.174482649004336
15.172692511701994
15.171229668564873
14.97281047734637
14.97804840927234
14.97810040832987
14.978199091192593
11.557966785428588
11.561419088467112
11.563367364494406
11.562961586191127
11.562961586191127
14.996478371254929
15.116473533540992
15.116720020247552
15.117575259726172
15.128938789283108
14.886921289253756
14.875638924898372
14.87544126516319
14.875617795738245
11.691114080105232
11.697320603421604
11.696998805091846
11.696998805091846
15.225875060140547
15.247203779336374
15.23544880205851
15.24032616822308
15.24142605967095
15.005750228152277
15.005838863804081
15.005838863804081
15.005838863804081
11.675708960200375
11.690813853599352
11.67788654941077
11.67866844460041
15.176927451136587
15.196044534726173
15.18949870019666
15.178287071134196
14.953110111640575
14.984091870990087
14.968554649916625
14.984031627924143
14.968718041307573
11.529213155625806
11.525316274726698
11.524433716652275
11.524433716652275
15.282632462472876
15.283511424931975
15.281517200358461
15.279463594701689
15.186761611687412
15.186771104600115
15.187009137338912
15.187009137338912
15.187009137338912
11.637500146539384
11.623363618700253
11.622454727214052
11.622454727214052
15.054823674204112
15.118394746374806
15.115180679310637
15.122239685579306
14.890958432208599
14.908751385810097
14.909452085621727
14.909394544735195
14.909394544735195
11.592262474371863
11.588089838907134
11.590047269201337
11.589738487995554
15.161287387118346
15.363400286903154
15.33914157106354
15.358765697912721
15.230737328563649
15.24721586919244
15.230722082463487
15.24754253126338
15.24754253126338
11.669501105478876
11.661651317624111
11.661651317624111
11.661651317624111
15.080495031417227
15.205935860537696
15.205351218856764
15.20695872383795
15.016219066794465
15.017552661056202
15.017548072208454
15.017694531463896
15.017694531463896
11.596951547395852
11.595155979283787
11.59451416520831
11.595288136021363
15.081046194913899
15.059361250397231
15.0780857795279
15.066030604874161
14.899791505954864
14.887865606921398
14.899560476211775
14.887835531810099
14.887835531810099
11.650271167925185
11.649096347342269
11.649096347342269
11.649507757054028
15.282511312986811
15.356688837492623
15.35274619970121
15.354001509615568
15.083808150611432
15.08941739120716
15.089780858254462
15.08978442249702
15.08978442249702
11.617167401735601
11.61651155480481
11.610466592851827
11.609493908416868
15.153645566379529
15.307460573634229
15.290651011510363
15.307740843012454
15.09555388235119
15.08062940573693
15.080265631374749
15.096906363993595
15.080265631374749
11.620048209306944
11.634912104703913
11.633372478150067
11.631639385854086
15.437870199873146
15.440475189511973
15.442419744935817
15.442325113740923
15.127696352256454
15.134044954985997
15.134542379047723
15.134546677298307
11.573346039146546
11.576657440664558
11.556640167069405
11.559735522017847
11.559992954050944
15.34924909690153
15.34451358690982
15.353352903944621
15.353352903944621
15.084611478058417
15.084572282765055
15.084572282765055
15.084572282765055
11.637151972669766
11.657597358080807
11.652909059807651
11.654593937664922
11.653711445181816
15.37404557787197
15.376464036047157
15.379057957625843
15.377259101388724
15.303886396733423
15.306896162240033
15.307095256511756
15.307095256511756
11.719900226665146
11.695135768149623
11.699507145140608
11.698574259797109
11.698574259797109
15.005127122612413
15.139820911745279
15.14362386162505
15.123557196059714
14.935704536918928
14.953329421592803
14.935465198461083
14.953320436709534
11.602419863772969
11.620365459306848
11.619304392109289
11.620035520326423
11.620035520326423
14.974636100153695
15.090215680997597
15.095189936708143
15.090445966644888
15.051550314588955
15.050755916172381
15.050755916172381
15.050755916172381
11.61293593067566
11.636457091275739
11.635039070233045
11.633682282091995
15.054468440244113
15.199088584224707
15.19977134319567
15.19945263812569
15.19945263812569
14.997577835966265
15.00418336770813
15.004203945622457
15.004203945622457
11.520396668672785
11.504823815964022
11.505361316612673
11.505612179896461
15.216810677240812
15.209726414236565
15.19375303024209
15.207218375530896
15.193336206599195
15.01425637282987
15.014265848375992
15.014265848375992
15.02630418498336
11.591809412270537
11.606495867580671
11.605589657500069
11.605595298787051
15.078711216433005
15.06790755902974
15.068125550215633
15.068125550215633
15.068125550215633
14.850168343543121
14.85358435116411
14.853586756983601
14.853586756983601
11.533166984554994
11.521639260729616
11.52117403258988
11.52117403258988
15.098379485711932
15.172779882666948
15.167697792890774
15.151466555816125
15.170447676201075
14.997205901974526
15.006279729697477
15.019857519909031
15.006252581318385
11.457975218642963
11.436025170761997
11.443982469233259
11.443137850594178
15.216998344812147
15.281202480877347
15.287409254927136
15.28534355928019
15.284881894164982
15.210161827033435
15.210391115535096
15.210391115535096
15.210391115535096
11.573047454818433
11.571678587468766
11.572206565907585
11.571472451656982
14.903453839009892
15.0357279017195
15.039411571248799
15.039626922454943
15.039768976484336
14.851475675200268
14.851424139786463
14.851424139786463
14.851424139786463
11.573232605347478
11.566307623456579
11.569615270723588
11.568966535840946
15.082732241993748
15.085823802977899
15.089773016013396
15.089069291326828
15.089069291326828
15.031865208138582
15.049505135706244
15.048957031956384
15.048925224512464
11.598192955555552
11.623487023781244
11.620118618827082
11.621505434237285
15.018808723551173
15.068545931183559
15.071805264537403
15.070367858872855
15.076404116938777
15.075993905358063
14.86584289231144
14.880531357383209
14.880515260893029
11.590530132901328
11.581028634219212
11.588320483027935
11.587253010748606
15.2315245662769
15.38983670934326
15.38167530436059
15.366444119393563
15.381754846017735
15.088105162454852
15.079353393919837
15.066919465080769
15.079306751281042
11.680550634010633
11.679378487804437
11.678081013157126
11.677559036309354
15.37163972090403
15.410789854855311
15.42671611080823
15.414221233542595
15.433357746348769
15.228057968016063
15.248535734055661
15.22804977109406
15.248535734055661
11.542778301325772
11.545444894255482
11.54420736850936
11.54420736850936
15.338091902978922
15.324523160929056
15.308680186136236
15.326943167913734
15.091420335912337
15.094243196152659
15.082435935016791
15.094528172062276
15.082596513121121
11.646484322247675
11.64375377000039
11.64375377000039
11.64375377000039
15.092202821441228
15.10997442055872
15.112780736690032
15.112505183422101
14.922318109237631
14.922328942385391
14.92233071041385
14.92233071041385
14.92233071041385
11.640504803737114
11.637801499239618
11.63933419533773
11.63952552554847
15.154370747794959
15.149514514572914
15.148198234537253
15.151185850955658
14.921452460142959
14.910274812858656
14.909959198345854
14.90993704759266
11.573786495618057
11.568484404750492
11.56409251311055
11.566402145447283
11.566158285351449
15.167298635455413
15.164912421822942
15.162757554076984
15.162757554076984
15.061857172027613
15.074879291233236
15.075122569380177
15.075122569380177
11.616188992496102
11.582586261965526
11.585497060426095
11.584758774959118
11.584758774959118
14.970657542686917
15.131800593592484
15.132661519000138
15.135586192582696
14.886436096889796
14.891478942618704
14.891454658958454
14.891454658958454
11.615751076140272
11.610623570214196
11.619179495256093
11.618240439666645
11.618240439666645
14.97070006427429
15.104693203731113
15.111200389194233
15.106146154780884
15.047760307155311
15.047334235104488
15.047283592228064
15.047283592228064
11.610511570274733
11.627918929575122
11.625294997923163
11.634796165101152
11.634302075723493
15.08859473824211
15.090113383198089
15.089744170740648
15.090763638483276
14.868553508439396
14.868717530615077
14.868717530615077
14.868717530615077
11.567351250383723
11.562273502343917
11.56233188563496
11.562198775170303
14.996641625045017
15.12904800545652
15.121238242622221
15.1250743268998
15.114224979414027
14.948659934009287
14.936740122639016
14.93690543719821
14.947685930519196
11.573203673347145
11.626256105051162
11.625166428011378
11.625166428011378
15.195940407786779
15.224510110019873
15.228496233303458
15.230641317106906
15.229711871222337
15.018367683608627
15.019232354216692
15.019234487038386
15.019234487038386
11.663488784065924
11.680810240184915
11.668708631099413
11.668149462114393
11.668149462114393
14.828106901290326
14.968340565256586
14.970714369859797
14.97115007105482
14.801805262366871
14.801881609019592
14.801915870655378
14.801915870655378
11.522231088376918
11.52371208491625
11.52682891663603
11.525545430542541
11.525601035103207
15.166763289454689
15.180920207742822
15.17823619899459
15.178763368953813
15.07240116286254
15.07750325068474
15.077122979912355
15.077122979912355
11.633440341242894
11.647266398730201
11.631746550492375
11.632573325158512
11.631469366121092
15.052671611947169
15.245085962740939
15.242906598173736
15.242018312700177
14.97276769902567
14.971997409532722
14.971875201824233
14.971838631048966
14.971838631048966
11.565332471153292
11.53231110865995
11.549934597985072
11.549062514624188
15.17166618029792
15.166699786074487
15.168005964222987
15.168697854386235
15.155856164448052
15.155579683409199
15.155768765340136
15.155768765340136
15.155768765340136
11.62848770330078
11.678077383352
11.673585415795705
11.671843770103914
15.17262449792525
15.308956007759829
15.301385739398384
15.30034424240496
15.300436826896963
15.077733947302704
15.082620327178814
15.08263643305602
15.082614648233552
11.560324710804677
11.544368274237753
11.5525761945896
11.556581826817709
15.186255497941186
15.192388593550822
15.19183840989389
15.194667170990657
15.194667170990657
14.996375778221047
14.987981295438747
