11.522948344982288
12.477709973215962
15.308432405672626
13.727643957450239
13.442762011020793
13.703352082641405
13.13551149299131
10.562205104723867
12.424436636054692
14.677147933416213
13.310795305933079
25.91407958551988
13.62587664064512
13.309899269818299
14.338136784716738
14.174487814231203
13.220234289169737
13.16495878306833
13.520374399997126
12.153337225778623
11.08356489515213
12.222198344559487
12.608198401845497
13.687027279561221
15.575358918512375
11.943149411503153
13.097051364331543
12.777238251967626
12.724511150195145
13.918543030913735
12.917434483919957
13.165393044949772
12.72719977196787
13.077332877133275
12.734891739333642
12.022495542519488
11.425412703746362
9.13394314759918
10.290354775791094
11.74815531196268
14.341498836991468
11.992326701049132
13.61612108670188
12.368845369443706
12.43407343049123
11.169785981032499
11.185848084484407
12.135956569265934
11.450190629764656
14.167202738319602
12.781855590568352
12.005899646643975
12.19534224337853
13.961236286677837
14.245157415138806
13.725498410465274
12.743533554749641
13.217975088507002
10.897618063371615
12.569860081583638
15.317878825696832
13.720833631465188
26.088274242559372
13.932825622567163
11.727794819670978
24.035484812208654
14.271539338523489
11.616093905948501
14.043284781733636
11.796330150279026
11.237161813961334
10.090052823139347
12.083650958070322
11.816339034737755
13.005158033701687
15.613484319278335
11.424643003381952
12.014453537883401
12.502598742947566
11.067083290376846
9.948170535655938
10.973033494976372
12.220500852060162
11.743339138661039
12.951377105913533
11.8696213249964
11.686042578111957
10.218897832574333
10.618064970308579
11.341284556495465
26.033425841423707
13.281119056483744
11.598004921388194
13.8196716123947
11.949092413690362
13.855060222339887
12.682053196583682
13.651529584090369
11.521224518021814
11.71496535724498
11.184398154317302
14.13695388103942
11.89848963664533
12.020180831552471
13.044942354997966
13.838662827329264
13.849493338768115
13.807000366796702
13.565565558374953
13.740354493660213
10.745924373588624
12.295347142772439
14.96603563885284
12.926749647947968
25.866282693989366
13.550492879339924
14.00737503572655
13.714174724153114
14.025202731645509
13.746061117294863
13.614958821395964
13.249865056988652
12.52800382202657
11.107917247489796
11.716935875782514
12.89432813937068
13.588742926634163
14.976375962621821
11.666908242007194
12.14783657748014
11.590442245069584
10.949150250620738
10.563029344623217
11.511598193055713
12.57624328752462
11.086710615881366
12.689222663893334
11.278927518302362
10.524477876702631
10.250205771368599
10.679657410383479
11.386999010261228
20.861502752450686
13.114244699413755
11.524419713326033
12.638955741948852
11.151779316068765
12.168678993975407
13.792661770446692
13.1600178261097
14.236604042125563
13.197019035525976
15.230034733329408
12.990077338109813
13.744743542083187
12.604124764667857
14.782533436397692
13.58556884624834
13.506052673054798
13.94081409249323
15.970265797987675
14.054841752359023
10.870627294825374
12.838145905008819
15.042372912576376
12.6912133793348
22.266368266376343
13.697301346319442
12.542368028982306
21.513687788199512
14.206704062881537
11.892282946458682
12.636321431609225
13.126062060337793
11.308542384584738
11.632989301249635
11.727487638460472
12.449513443630698
11.860149798372563
14.831758106463084
11.354378836656958
11.977144890852832
11.545115661694664
11.445027290733266
11.311220692549234
11.303642927385402
12.406756914760084
12.557856144383054
13.625135023684143
12.109233142941337
10.728071364228796
11.613025764354596
11.911754300914879
11.335252096376717
21.56404109463325
12.978058940213405
11.660337709845123
12.907815957632998
12.357840760374105
11.875890004200688
11.579101061543989
11.576231233457333
13.27209579153968
12.41756323769347
14.150446494110762
13.766367976312164
11.215697009617221
11.431459838345688
15.11614100344832
13.72850147036716
14.446698649489177
14.417622148420778
12.176242968900283
13.289042452307083
10.571549176353734
12.506923148385297
14.94384919616159
11.97908932743609
23.315790224084736
13.611270093838291
11.541991372096298
18.96654026345996
13.698778258002545
11.481977781093324
12.449657431662148
11.866886928018433
11.802894406781213
10.979225651495785
11.675102879737864
11.737767660575672
10.388915361812163
14.555581278873747
10.400119447026801
11.508657007679519
11.303617138409658
11.351637650572183
10.331370035176837
10.586058630711126
11.15350586014285
10.79403737924458
12.50831362143751
11.064582730729128
10.432408588613281
10.708076759056308
10.37757516280629
10.280064263094486
20.680288037633648
12.821145240792701
11.013137306837661
12.364889489484954
11.575070941271717
13.213224882049708
11.474937330535772
11.120507742003538
13.124578788247504
11.66970885476211
13.53678629869991
13.164634570273277
11.570892089393961
11.050759293970065
15.073326235088526
13.894783728291278
14.328430584569913
13.345488122579827
15.653851683080708
11.832740274367458
10.449959149868901
12.581586663785176
14.021285421948495
12.193097228021845
20.045669907258343
12.956405067305848
11.852296691972104
18.27810948240178
14.248859237169684
11.821093750785593
11.92956701390631
11.358177942075114
10.678586176295871
10.735041815883308
12.554021611533846
11.668155583114212
14.165045063124275
14.082273918263432
12.420098951759755
12.531489238966742
12.078910017186873
10.581071612893055
11.506655228672255
11.186815690256399
12.627503693508473
11.97651408383449
13.15536958297577
12.461339177005947
11.84739280124031
11.03784753564167
10.661287437142928
10.482423507110195
11.439159135003035
14.911502840051511
11.639281556339213
11.100817149454468
12.628537074845521
13.233902312423762
12.149288052507002
12.304503377629691
11.466995575999347
12.741486283489825
14.180074394272049
14.442524038601002
10.977194277712487
11.394017489585481
15.116827998947441
14.105224717515345
14.017492401832351
14.250240708855051
15.577788772583487
12.255746127593909
10.504888156721762
13.200219093831546
12.62999539025285
13.512196452197845
15.510210254959715
12.835263031552381
11.846834040889354
15.76820022657363
17.127723352577277
13.67684357021877
12.43364954888601
24.940129874325308
10.65542764744995
11.787123427938974
12.273452716259483
12.46297892085138
16.71214652548035
11.231956065533218
11.35430177064984
11.122083935905751
11.466328504793001
10.660729559403341
11.493427650033414
11.747711260564667
11.584459500316903
14.398815475560648
12.202670343841817
12.392852616196478
10.70403437851443
10.730697046258058
10.720487778136894
10.540981369959997
15.546032443164767
12.094538666405287
11.462164745140804
12.142483320395753
13.124871684086267
11.501747419322188
11.234732649949926
11.315908612780033
11.854400337372777
10.718765371289335
13.039624809865701
14.450301507138926
13.620563737306453
13.404180239254538
14.50919593412287
13.019524431316713
13.883813775277792
13.84363790589531
13.494828411275549
10.649471668519633
13.034513536395528
15.025871972312933
14.077839196247778
12.265555624724946
14.48462341115116
12.279847650810204
11.980317102671743
14.432267430179914
17.327026770907956
13.001045127336377
13.066995567824655
17.61873408902593
12.117801392081075
12.10984460904401
12.210409774112238
13.91833785207283
15.77642314397454
13.134859259411487
11.226623998111855
13.089042122869518
12.238445936299858
11.157691018842781
11.607449208442368
12.86434030100859
12.243738875905088
14.07961428021392
13.134724742459579
12.649115230297951
11.135858549530232
11.181960396814594
10.694872351835317
11.907604090419571
17.814589841440938
12.175872446788219
11.69852430777574
12.888614563970906
13.588377639177073
11.600763987801159
11.70175672617443
11.44315242913901
12.018661258542577
11.540347637378485
14.05343731375049
13.427832739507249
12.32934428108282
13.029839694011619
14.570988732864116
14.968640506404558
13.991455691256224
14.03542123629415
13.955648187480623
11.08655865218311
12.820472813779446
15.158712718659563
14.214159715644312
17.752001959077045
14.120024555141958
14.155145065632686
13.647402260409091
14.629867646747432
16.752559432167377
13.670275464142977
12.683399426562843
13.675235492989602
10.715619335608919
11.923409754682567
11.682110554728693
12.004560160275531
15.320642123266028
11.85055726343221
9.601485406602773
12.311346188395797
11.852546145675012
11.066626513814013
10.839331197821812
11.794855413548884
11.017482259309848
12.598842791234619
12.893388280230527
11.524411555289767
9.922366674056088
9.827407284351235
10.888392100535931
26.033425841423707
14.220624659506687
12.268660707018325
11.451154872577835
12.046482339390366
12.70339407302669
11.609546483371954
11.064949077665407
11.667230478681434
11.969492880161372
11.147612770437654
13.909173376678812
11.63468162927075
11.522008511740042
12.940714334906701
14.224548682048091
14.49824897824075
14.09963641745731
12.961217758608843
13.178325380177581
11.313033876477936
13.020553128007126
14.698458313012246
13.753178704888274
13.26371129255822
12.981809885586534
11.404840011507927
12.140179084867494
14.246081835461856
13.822984117778956
13.472198402188265
12.387169868308721
11.520156672365909
10.579510356471612
11.408273964094343
11.687418968541303
15.230488354423763
16.462417325784255
12.840079011059322
11.243856168388149
12.945841434055975
11.401257118261722
11.360392031073912
12.010334261325832
12.355840961003972
11.270083427894788
13.870151695462312
12.099551379284751
12.091298787455454
10.841849883437423
11.526748710238474
10.204001095679082
25.931453629083013
14.894047118077317
12.139475649473557
12.219987307702755
12.950333743139728
13.555403702379381
12.555510529766606
12.897574492521839
12.45646145002097
12.184512771153429
11.025998794497275
14.627224932341436
12.266136627697282
12.744586807957978
13.839496731526381
14.26630680208537
14.611249988267126
13.576604478608227
13.027244777249967
13.83126305149904
11.029886784410918
12.735470477018138
16.546596632025256
14.298230344200187
13.429495338024639
14.676171867323243
12.804036378772313
12.198873107947549
14.41435256667288
15.677226987192736
13.309012095981991
13.804095202724422
18.56696192803218
11.80960393948514
12.767623929151986
12.80950257657885
14.36118735636609
15.758764245294167
13.931316787762553
12.13028342067361
11.322252524335788
12.081811559491216
10.977665193257195
12.203246846401058
12.886616054359314
12.397262462008943
13.935455416059911
13.58294748710475
13.045858340217476
11.421604250389484
10.936149044687896
10.757828832518824
11.202838192972289
10.791663479357863
11.887688310877975
18.85964258869276
12.290464967666816
11.665494660024265
12.631312297353373
12.988888935930111
13.029859242080628
12.892539485594122
11.52842036023337
11.104943515765678
14.315038709177431
13.449093420429785
12.432489666049687
13.906777106286272
13.927869681083553
14.227163126791917
14.03554295654881
12.633454317587262
11.840044479446863
11.614057147647868
12.60011588415245
14.932409340682735
12.208007562871158
19.55340171797825
11.97039926010647
12.396897262194418
18.58991929741323
14.035102758367264
12.032234451980047
12.275919009877546
12.7107828634087
10.783960535391572
11.619714945928608
11.95469604127332
12.194410110509994
16.96150102696595
11.51963633890905
12.083947141449457
11.207447130900503
10.883980087308348
11.528862322513001
