11.235590412010891
15.994963873682329
13.009223541381095
11.98884774967446
13.160257509789497
14.895606453373745
13.090140006763736
12.710208669322839
12.64569188112372
13.748371564854176
13.136433623719768
13.62701833132206
13.611097575698277
14.191641631354987
12.886073461687143
14.26829742192087
13.699795378965192
13.89364923711417
12.73966112544285
12.881182136852956
11.863737496481516
12.830725701851804
16.13740548799362
14.818253051941301
12.86545443604984
14.27633770259194
12.718783738017885
12.034446352533015
13.853212383093837
16.68691954167469
14.906880913448337
13.58613811626686
13.505344083113444
15.262486033412669
11.002400695061874
11.617373061282374
13.646054595569709
13.199204516384837
15.594922310488641
12.100854571073317
12.681521013814859
11.373544865779305
11.648673554786019
10.157040584425305
10.874581065683808
11.575233211419812
11.25506064631593
13.848114588967722
13.018114011745219
12.299600985663316
11.36449807531332
11.398660573052727
12.091624031120242
21.86979181511756
13.933811854266901
11.98881721263035
12.991912524370159
13.8199908387063
12.964411321386173
13.57585528953533
12.165534995355573
12.476006020898197
11.799973359737532
14.126842487429451
13.726295035475948
11.621815237073559
12.448971341896355
14.400089278239367
14.078709556726679
13.70903989156263
14.45427900953895
13.549524010939265
11.51341026427616
12.614021201726723
14.777243078409434
13.672686156192995
18.351013041932728
12.878991201795289
12.11405873667171
12.245111641442408
14.618830292876215
11.588019236921385
12.972129427280807
12.579720561214387
11.88500262763041
9.930079135819271
11.335030352980576
12.150955766550576
12.21779062529211
15.27971476593525
12.633329097873787
12.844782501136521
12.15194701399768
11.782351188532967
10.851311887637586
11.521040301743339
11.855058372586578
11.072518075603432
14.270916543935197
11.871702409841161
10.005977515252866
9.950460771020294
10.417706017108808
11.596250501843787
26.033425841423707
12.442821713482175
11.417801481015724
13.611837680114606
12.318311567834995
12.573045512692854
11.85192652202442
13.60364777819595
11.748254677217531
11.56296564519099
11.270793283537586
13.65716694204388
13.65716694204388
14.031338362107427
13.937238865002291
11.64718147035952
11.811110434935502
14.514050200116616
13.478212827820599
13.570678337161636
16.603020830590726
11.859082588715925
13.548506874077935
14.717024056980756
12.58948483660952
25.89968142384205
14.110900486918606
13.41200905985723
15.846516854657366
17.072992681287655
13.256671961814666
12.16318430684291
14.497638739485303
10.137492359722742
11.417908698713655
11.85956883489512
11.347289545842715
15.27465962709274
11.125984165365752
10.86160243803252
12.649422110022233
11.547464446624277
10.05076992756268
10.818647472302684
12.34405787822873
11.483163672987514
13.429612414276642
11.837879714184888
10.898952022070432
10.718863313006374
10.642655922716216
10.638386491515439
20.207977031933183
12.623975299458397
11.378397307989998
13.063441973327153
12.682175362194625
12.235636821541872
11.211843952101441
11.565220946839878
11.170685074581582
11.484722628660894
14.47467385550414
13.746725196233166
11.97011694385952
11.191843632950059
15.06680550769138
13.407544188562857
14.160401324102883
14.019818692753153
12.05392358948414
12.556800971077633
10.439905953052572
12.891753246592646
15.436030312527265
12.781956869114602
21.63858774856834
13.603740674201413
11.924781742997984
17.651601185740944
13.538600938583844
11.584352299593089
12.140059970703774
12.508555595717938
10.632163271396879
11.36475414626689
11.944771682726811
12.368442775078245
16.62621404751878
11.834633008026687
11.188266924219512
11.97982578939078
11.313863021328554
10.916485203779805
11.677405433658445
10.961305832737388
11.530375551211835
13.112310927477028
14.497359452182126
13.008302986714474
12.31981584706272
11.14577848490536
11.417279304387495
11.71316644530768
16.757273416301853
12.66851197594702
11.9364586474294
13.647417384952565
14.176474039825662
13.020288868338096
13.26978223976484
12.823008500583416
13.434467219855101
12.724641371475622
13.92346820107166
14.295792131709213
12.454141213431383
14.062548179035579
14.750495305605005
13.844781655468603
14.05131623847739
14.302565365951741
13.359676526655507
11.751804928587028
10.820709437556
12.270455213642467
13.979336983381069
12.88914522646654
16.65950041280486
14.010108739520588
13.289669772890381
17.225081609268866
15.472997549241061
14.26738875274959
13.466417509625973
13.466417509625973
10.264438645858199
12.192928403297207
12.012162981628087
13.07849578741443
12.515266082752131
16.26352512939596
11.654596736629541
11.645906431419867
12.31407730712142
11.824973293735876
12.548656199345613
12.189763203143901
11.871507978425168
12.68252779693421
12.203188970272144
13.568667819562892
12.383548219156413
11.254218964368551
10.412226137063453
10.063005077497134
25.87670136383
13.683953897355185
12.275314815338124
13.607476458662777
13.120757553924562
13.281399289395164
12.391874228998166
11.60573042082061
13.301014217576553
11.42641573149029
13.459234323502248
13.396193628273439
11.462512151952248
12.043602044299938
14.878591959863389
14.17960265446853
14.280896726029594
13.135500034764846
11.943180430138105
12.578216270290552
10.247260694222591
13.545282391077853
15.052668808164405
13.019902422500152
14.170745426015802
12.250677613342946
12.753065343069911
15.273445641313236
17.75487541800033
13.081341420479811
12.210753528952235
19.572319273016515
10.426118267710061
10.939341855617137
12.047549750923057
12.764887952768206
14.328515846833714
11.816689242055446
10.674604234933781
12.67767977596552
12.945454854397823
11.034173231023095
11.846296603066362
11.941115589902113
11.01522481318622
14.035151969970103
12.20669248452686
11.515430530796982
10.309892690165054
11.22687269771474
11.040368553404658
26.033425841423707
13.973827554288308
12.251250518908705
11.565987025082903
12.47092272982553
12.973191301606931
11.552762869867593
11.586292941522377
12.083045339156737
11.989055627399273
11.132494362285701
13.523468884262524
11.184266799915154
10.545869294443575
12.569480749405232
14.081064272385285
13.35867124063406
13.451271167508548
11.927153216628334
12.941756044851605
11.689113135421733
12.420743085326926
16.113558825894824
12.741396482778102
26.08795044708157
14.873059877421854
11.39996363057404
11.460144486092952
13.913553853078428
11.703378767155206
13.429637047710019
12.097168324802334
11.996557380567236
9.918562020382451
11.143903751130804
12.50348076756795
12.360442990207291
15.000883451620243
10.741920879266587
11.322358146398049
11.031288525965902
12.03305785025421
11.551665394415311
11.649169887999207
12.571579319286924
12.205417940601604
13.394516160787054
11.981495147173273
11.590698643643806
12.059072245979655
9.821670019115075
11.577220944036846
20.933321217330146
12.515872380744888
11.506205452978095
13.23999848336581
12.563731999887324
12.81815836617937
13.520497269762982
11.997859627883868
13.265783198275603
11.588947503277216
14.031883677584414
12.931231063472882
11.883787508716308
10.53690953097203
13.154354017589329
14.00191389129903
14.20052496777749
13.950933407236478
12.292335600988803
11.664715255190623
10.448775318788538
12.768886429681215
15.499366141544597
12.67970404215897
22.487859696301634
13.174256942580916
12.418949267592565
12.018657274530545
16.90276622790414
13.690408510617262
12.354688288215884
12.382878951492915
15.790494232901057
9.82595504051699
12.168012774137932
11.891885380880861
14.635930927679654
15.54583569990768
10.78255756282488
10.557670490558989
11.331482349746677
13.373852777743513
12.62191792287622
12.047054099943802
12.835697399958603
12.986650742851763
13.66056373446664
12.68396976968278
12.949184014568443
11.675055991282749
10.434071814160289
12.518198810366746
18.715422588009446
12.611261456539404
10.98287840773009
11.136426607017034
12.965358116988389
13.03935216204033
13.856355069208545
12.773704956589814
13.168823243136503
12.761803632099483
11.231876839871438
13.619672703280592
14.204212178908636
11.19579897558767
10.917145928045795
14.82269435345526
13.277602016573093
13.789968507921351
14.775530835792454
13.713828840509894
12.030925696752984
13.018119392372293
14.656279810232071
14.537693801452303
12.986617527467429
15.10142249734311
13.406486858949194
11.935768647333978
20.641157474845556
15.013322915709157
16.433343749925044
11.9829547331934
12.261870100499515
13.88809739993857
10.019886322838106
11.893123015797638
11.873904157925564
12.473125876563623
16.84129241566254
11.983757503431947
11.60819072908253
13.012490350132381
12.242963251759157
11.26752099107879
11.747379585994702
12.658986751154726
12.359004241225595
12.763382196485875
11.357216736212754
10.743799408914237
13.719936949718765
11.382317996442577
12.530218972127926
17.568235898289824
12.00504886325763
11.442452825352062
12.558715780462355
13.947378511968433
12.866081664237006
12.36542737330333
12.00274528672494
10.620693512100724
14.741491404509597
13.720181336767165
11.86802128218456
11.486209466967292
15.098443747677045
13.380256303456717
13.926223594800604
13.749214323405033
13.603599756551551
13.927179317999123
11.730833778508556
12.598310559227249
14.721616016294877
12.528727644513737
26.033720190698723
13.076371039739932
12.755464305487163
12.472389873726508
20.703275335948394
15.973250188507942
18.518246621152223
11.72103999136085
12.441452510265444
13.045311561177133
10.298144139238524
12.448806734004428
12.35561923801603
13.479230791029408
15.540553121254467
12.000849989338565
12.263496507747872
12.15223626889593
12.430037700013719
10.944148493181547
12.964466151073855
11.643145061827006
13.279223611285376
12.925701860341286
12.96310007688937
12.951957437933748
12.380397954385874
13.384568096577016
13.060743281210964
12.946743848512261
26.058240656924458
14.835061219439789
12.30415918043163
11.667578842431444
13.339766634756765
13.429404684721673
12.85243718396725
12.70856123655551
12.008890443444107
11.61554072563573
14.625556697311527
14.827045095490917
14.219006482591965
12.299281104712604
12.043219162698705
12.992964279091277
13.92180991624011
13.497233345046572
13.252091326400318
12.364029631306268
11.169912068527486
10.799213668919238
13.545860451136312
14.94271807124408
13.331077025647295
12.965755298393155
17.292739742155916
13.733522231241814
14.12496146965715
13.18504733978373
15.293700703429602
14.219199412855048
12.617454902328541
13.556472347357497
13.05228179939301
12.11033583775926
12.770101952423063
12.183598748947743
11.81383966332756
11.81383966332756
11.81383966332756
11.72702199431208
13.759741650677467
15.761229856875266
11.897331697554183
11.957067341649
12.104242062897107
11.082962582320329
11.941621102868446
12.354855966466431
13.348700237393885
12.759170183379458
11.25937822770914
10.869306830041046
10.608356377993667
26.033720190698723
13.267020473478462
12.219193167940023
13.362845854575777
13.445210542307104
11.752667813580173
11.31801656292743
13.066001699472778
12.979864426271607
13.230441439764617
13.781752587721058
14.335603668015937
12.036085828335896
14.395144324688074
13.531844175631973
14.272619349703067
15.916712368798812
12.712226507209394
10.81221655944543
12.864586698664484
14.304595788989097
11.884407837876369
21.943827819595317
13.155189277656516
