8.636882098413224
8.528663903200304
8.533705987979925
8.518204754050611
8.404578334556257
8.288793459520793
8.268516221408998
8.23337077913663
8.398087451699338
8.36169908419607
8.571143910864807
8.54582157399693
8.545595480241882
7.969678424759545
7.925998447281252
8.45690796612236
8.402215969262471
8.159812359659956
11.289866763360784
11.218784156689882
11.066175861090178
10.849721704389752
10.780113214227024
11.182405785932215
10.376085571792256
10.896035129617056
10.524881170553524
10.647099307092809
10.801164571404785
10.624761186948824
11.502300163965772
10.58327984084432
10.941082969614992
10.95444820555591
10.58127851771346
10.592971160974477
10.93544466581898
11.118730211175349
9.358900394745493
9.416412820704263
10.91135317388963
11.011455010569971
10.90644069423981
11.170352622486813
10.043830688082197
10.803231662318922
10.100607730395172
11.37370320870865
11.27317930686232
11.405682351389228
11.495694571210851
11.461283082442892
11.122308050911473
11.268918657842184
10.54975195890062
10.548504231580663
10.379777402520057
11.66205966221349
11.850947613280931
11.014773883610253
10.603669124527562
11.023435704739901
10.896470770937986
11.22841006735539
11.602595789742887
10.291977712617726
9.845395658043989
10.975114778064192
10.876540203758367
11.24059444202556
11.308055604412289
11.23891930759043
10.859388126609455
10.892074296115952
10.977616665491817
11.190922655508873
10.826971408970765
11.04557224129333
11.172470832257813
10.737200929015538
10.758168704276038
10.83272718518146
10.814582058584133
10.468725206240414
11.4352477800623
10.732156646577218
10.687270546673643
11.106501094693137
10.751310812410326
11.249231334740296
9.490703016732473
9.451467412919309
10.888468004338062
11.029349284838498
10.772546729684509
11.343829559850798
9.890872408131461
10.914186254367237
11.35056239709432
11.394210380818555
11.448032099555265
11.372401383304398
11.507211437060167
11.376098121223128
11.183869780841961
10.884275757419939
10.594578403106794
10.491868384429791
10.45035725184139
11.42668660476289
11.783609182103818
10.905653629353328
10.673996866370313
10.882955273300709
10.840295813176422
11.295740788087322
11.538158059816805
10.44472316991792
10.391983837730786
11.087172776103733
11.346628692870997
11.214785508982501
11.183963434647861
10.76061077720943
10.94904773276325
10.809955216510621
10.957467193496651
11.00225675248647
11.165539959326395
10.477483416604763
10.790179080133393
10.732365848572844
10.710409980494518
10.897075203700435
10.875416511601703
11.051955026199076
11.419679887487163
10.990684037797003
10.471388107399878
10.246113154524886
10.826708936364613
11.337914813886806
9.681024210431175
9.76373569767415
9.81048133923517
11.30913655411011
11.2673056158649
11.386339582525686
10.536922832275469
10.974383968767794
11.615958409798703
11.808658372662178
11.264655939380605
11.702429677167387
11.129526284832966
11.223379896408735
11.179781529804604
11.07139851538201
10.581269050582918
10.666626652671388
10.576835102745942
11.66334981449541
11.64621854341399
11.064209475337178
10.714168965281877
10.976102613860279
10.97142576835394
11.22051443154234
11.045320067094
10.454527886604845
9.42301810060218
11.033857213487893
11.055046775236196
11.342314184517674
11.329227047037403
10.788616807912133
11.320783377568315
10.818402532327044
11.024873764825738
10.844841912468064
