10.93832056300839
10.93832056300839
10.93832056300839
10.93832056300839
10.93832056300839
10.93832056300839
10.93832056300839
10.93832056300839
10.93832056300839
10.93832056300839
10.93832056300839
10.93832056300839
10.93832056300839
10.93832056300839
10.93832056300839
10.93832056300839
10.93832056300839
10.93832056300839
10.93832056300839
10.93832056300839
10.93832056300839
10.93832056300839
10.93832056300839
10.93832056300839
10.93832056300839
10.93832056300839
10.93832056300839
10.93832056300839
10.93832056300839
10.93832056300839
10.93832056300839
10.93832056300839
10.886554114274407
11.385348714759445
10.65100872177157
10.920497414879472
10.947581750723872
10.366138751920213
11.034469147696166
10.450747528609337
10.673527165359584
10.977844231675789
10.863865629911482
10.506060354063571
11.417222338269307
10.743377736134697
10.524937001676061
10.944936975195487
10.886852006131871
11.02961545081309
10.502766823367217
11.178857228537131
10.74887931217735
10.755092226341093
11.187155392488483
9.485266751476027
9.45972426592891
10.71665655580722
10.889419347772087
10.822995607839736
10.82145308079919
11.023327950150168
11.009662614889159
10.42532133626504
10.727684867334524
10.978071301398868
11.297053148587247
11.125199742799165
11.258186338113468
11.474710054309071
10.592982975190749
11.088427956195844
11.383932456553643
10.836590389238948
11.046702327167742
10.825935950379204
10.671443182108364
10.838875390641638
10.663106878231263
10.901340759473118
10.563121530594936
10.458494401441174
10.400626414607435
10.173315668921566
11.71898867771568
11.697524449149244
11.697524449149244
11.697524449149244
11.697524449149244
11.697524449149244
11.697524449149244
11.697524449149244
11.697524449149244
11.697524449149244
11.697524449149244
11.697524449149244
11.697524449149244
11.697524449149244
11.697524449149244
11.697524449149244
11.697524449149244
11.697524449149244
11.697524449149244
11.697524449149244
11.697524449149244
10.93832056300839
10.93832056300839
10.93832056300839
10.93832056300839
10.93832056300839
10.93832056300839
10.93832056300839
10.93832056300839
10.93832056300839
10.93832056300839
10.93832056300839
10.93832056300839
10.93832056300839
10.93832056300839
10.93832056300839
10.93832056300839
10.93832056300839
10.93832056300839
10.93832056300839
10.93832056300839
10.93832056300839
10.93832056300839
10.93832056300839
10.93832056300839
10.93832056300839
10.93832056300839
10.93832056300839
10.886554114274407
11.453162910067087
11.278060392058263
11.160812306041086
11.346732524994069
11.306658531897316
10.529612538219686
10.775565948954942
11.00561163083659
10.495459114390002
10.693866204559606
10.931317049316268
11.15049973329312
11.013941304632892
10.752783756113109
11.541578598274288
10.682587731677552
10.866340415462108
10.590555629562008
10.546227498572051
10.798461080964438
10.733144976559153
10.827515873334313
10.8941524819881
11.079539623330591
11.369093387841415
10.997659475285083
11.246932409821614
10.20171716595923
11.172995448866043
10.624684612773008
11.093531831339439
11.519430940410214
11.519430940410214
11.519430940410214
11.519430940410214
11.519430940410214
11.519430940410214
11.519430940410214
11.519430940410214
11.519430940410214
11.519430940410214
11.519430940410214
11.519430940410214
11.519430940410214
11.519430940410214
11.519430940410214
11.519430940410214
