11.2868780743969
10.886554114274407
10.886554114274407
10.886554114274407
10.886554114274407
10.886554114274407
10.886554114274407
10.886554114274407
10.886554114274407
10.886554114274407
10.886554114274407
10.886554114274407
10.93832056300839
10.93832056300839
10.93832056300839
10.93832056300839
10.93832056300839
10.93832056300839
10.93832056300839
10.93832056300839
10.93832056300839
10.93832056300839
10.93832056300839
10.93832056300839
10.93832056300839
10.93832056300839
10.93832056300839
10.93832056300839
10.93832056300839
10.93832056300839
10.93832056300839
10.93832056300839
10.93832056300839
10.93832056300839
10.93832056300839
10.886554114274407
10.886554114274407
10.886554114274407
10.886554114274407
10.93832056300839
10.93832056300839
10.93832056300839
10.93832056300839
10.93832056300839
10.886554114274407
10.886554114274407
10.93832056300839
10.93832056300839
10.93832056300839
10.93832056300839
10.93832056300839
10.93832056300839
10.93832056300839
10.93832056300839
10.93832056300839
10.93832056300839
10.93832056300839
10.93832056300839
10.93832056300839
10.93832056300839
10.93832056300839
10.93832056300839
10.93832056300839
10.93832056300839
10.93832056300839
10.93832056300839
10.93832056300839
10.93832056300839
10.93832056300839
10.93832056300839
10.93832056300839
10.93832056300839
10.93832056300839
10.93832056300839
10.93832056300839
10.93832056300839
10.93832056300839
10.93832056300839
10.93832056300839
10.93832056300839
10.93832056300839
10.93832056300839
10.93832056300839
10.93832056300839
10.93832056300839
10.93832056300839
10.93832056300839
10.93832056300839
10.93832056300839
10.93832056300839
10.93832056300839
10.93832056300839
10.93832056300839
10.93832056300839
10.93832056300839
10.93832056300839
10.93832056300839
10.93832056300839
10.93832056300839
10.93832056300839
10.93832056300839
10.797104201135655
10.320952007909087
11.864040209480704
11.491757430912145
10.769447131225734
11.214230704544773
10.944668631822719
11.24934430133096
11.426129239126306
10.42972676849957
10.432820262096326
11.062786054374314
10.982737621973182
11.421980061294404
11.267919893770449
11.251275741380335
11.04768605118215
10.8190683579284
10.693171387579431
11.124006517620888
10.274858802000946
11.471160962918981
10.996055890879626
10.649581090113237
10.577421014957677
10.742821091781282
11.478104263698684
11.021458181611884
11.048101091162625
11.288673154849382
10.816959555310751
10.89477753025632
10.181180317552222
10.748717301127739
11.367917481602621
9.60427673824416
9.682239185966928
9.682239185966928
9.682239185966928
9.682239185966928
9.682239185966928
9.682239185966928
9.682239185966928
9.682239185966928
9.682239185966928
9.682239185966928
9.682239185966928
9.682239185966928
9.685453125293654
9.685453125293654
9.685453125293654
9.685453125293654
9.685453125293654
9.685453125293654
9.685453125293654
9.685453125293654
9.685453125293654
9.685453125293654
9.685453125293654
11.340568262667981
11.431250851191274
10.97010010248432
10.689748370045045
9.810046449199556
10.929870244290177
11.447505317538495
11.245634281210974
11.136362587837555
10.898290019686197
10.676393601225053
10.779568919009819
10.968772689458792
10.887686900244958
11.457165124217667
10.311769829660127
10.591724412326887
10.589946741944242
10.610805954273447
10.831629883335484
