10.93832056300839
10.93832056300839
10.886554114274407
10.886554114274407
10.886554114274407
10.886554114274407
10.93832056300839
10.93832056300839
10.93832056300839
10.93832056300839
10.93832056300839
10.93832056300839
10.93832056300839
10.93832056300839
10.93832056300839
10.93832056300839
10.93832056300839
10.93832056300839
11.078298266353821
10.572661602539359
11.474713945498689
10.838221168466829
10.790469776882246
11.493524754904543
10.93460579714452
11.081739588688523
9.513526307612361
9.854847580988277
11.050469084595546
10.904665382280115
10.917980257799734
11.29738664271514
9.81197880819737
10.885234937755309
10.905012096637094
11.395670242692967
11.375077061032622
11.418172368879304
11.243434327174786
11.408229211936991
10.997512388111952
10.948744428036822
10.471027985953668
10.539550026719347
10.414000515806105
11.642152239305668
11.624700396015829
10.786393559536933
10.646599439662769
10.893665036965363
10.769494841011065
11.2908883580738
10.918639658547512
10.504999824106568
9.767534020698276
11.017045009375018
11.41606262636948
11.211471844255394
11.313036129877666
11.305765078573334
11.305765078573334
11.305765078573334
11.305765078573334
11.305765078573334
11.305765078573334
11.305765078573334
11.289126689791061
11.289126689791061
11.289126689791061
11.289126689791061
11.289126689791061
11.289126689791061
11.289126689791061
11.289126689791061
11.289126689791061
11.289126689791061
11.289126689791061
11.289126689791061
11.289126689791061
11.289126689791061
11.289126689791061
11.289126689791061
11.305765078573334
11.305765078573334
11.305765078573334
10.885678976214269
10.49861272999914
11.427878392167065
11.427878392167065
11.427878392167065
11.427878392167065
11.427878392167065
11.427878392167065
11.427878392167065
11.427878392167065
11.427878392167065
11.427878392167065
11.427878392167065
11.427878392167065
11.427878392167065
11.427878392167065
10.886554114274407
10.886554114274407
10.886554114274407
10.886554114274407
10.886554114274407
10.886554114274407
10.886554114274407
10.886554114274407
10.886554114274407
10.886554114274407
10.886554114274407
10.886554114274407
10.886554114274407
10.93832056300839
10.93832056300839
10.93832056300839
10.93832056300839
10.93832056300839
10.93832056300839
10.93832056300839
10.93832056300839
10.93832056300839
10.93832056300839
10.93832056300839
10.93832056300839
10.93832056300839
10.93832056300839
10.93832056300839
10.93832056300839
10.93832056300839
10.93832056300839
10.93832056300839
10.93832056300839
10.93832056300839
10.93832056300839
10.93832056300839
10.93832056300839
10.93832056300839
10.93832056300839
10.93832056300839
10.93832056300839
10.93832056300839
10.93832056300839
10.93832056300839
10.93832056300839
10.886554114274407
10.886554114274407
10.93832056300839
10.93832056300839
10.93832056300839
10.93832056300839
10.93832056300839
10.93832056300839
10.93832056300839
10.93832056300839
10.93832056300839
10.93832056300839
10.93832056300839
11.542658858464279
11.321526310846723
11.440519862593687
11.27834960257071
10.631675942689467
10.714822359099923
10.745074544241296
11.101347239819614
10.859348802600756
10.98565130547471
9.988495740086936
10.64745276079154
10.649541727933089
10.60994584054083
10.818962696611973
10.799072029593107
11.295458512998833
11.389993855529708
10.847233213350552
7.384005190141065
7.754300012799943
