11.296966743846692
11.245353603429058
11.22129394571705
10.664905903722063
10.943942822944225
10.850276405679628
11.119877175938667
11.031004607037698
11.169043719574974
10.34978270055372
10.969388984496574
10.676832447344594
10.68541892982469
11.343652859159773
10.740286696321228
10.823278591995928
10.69569656207138
11.293899948739348
10.672775087066597
10.582501807164816
11.115887532713533
11.36652082495174
9.644077165188232
11.240016101880627
11.542520689466222
11.26034028176843
11.397844886265737
11.226747457988978
11.366424504386524
10.760780879753746
11.318990032153401
11.310201006327606
11.542772908526995
11.33851818328883
11.370665773392256
11.23545126348835
11.227655305869268
10.626145090354516
10.805958201934367
10.977702472961763
10.44605523415084
11.929954035717172
11.14371182531524
10.904285231299882
11.319739459750997
11.092932303661653
11.362064440433738
11.491362907514693
10.701222872533007
10.805923065889345
11.14081209315043
10.927424725682966
11.361178105917931
11.279491264450328
11.249586306825407
11.040885244006551
11.033986019999563
10.764184364107216
11.234072800036786
10.53071259942475
11.225816212308127
11.002714866092596
11.027968504561958
10.889742112320878
10.66961751731554
11.063505395436563
10.540878063330993
11.181114154516163
10.983817000017043
11.398704274536657
10.779551778811356
10.884114215508689
11.053786209509116
9.611612331567498
9.501141938220124
11.257895222386287
11.008690530298948
11.063756900074033
11.174321836263802
10.03870566659692
11.04653299697053
10.879860691340818
11.466532386834153
11.367918736911044
11.45586853181144
11.241124736257566
11.387231559276614
11.15172600864853
11.153405212715425
10.55483541669179
10.768283820912188
10.634397451489763
11.6440370416277
11.80258418274463
11.197964292723753
10.94531978756934
11.225314470282603
11.123850378348068
11.452322416566886
11.518073448151533
10.959446660885105
10.723602306603228
11.178951083692635
10.89411158822981
11.281695331732523
11.295090102915475
11.09543167037683
10.77430294817548
10.915508586305734
10.66403890091935
11.237786564710587
10.830292532597143
10.751418257366305
11.14366639342714
10.75271144483572
10.838571058196854
10.893228461198284
10.987421862772965
10.561306157413862
11.356467019576177
10.614397224193564
10.595125826054995
11.014197108489618
10.79265429284693
11.21134359251459
9.720312478718517
9.665973030385112
10.820525296445696
10.346593748142292
11.020518102783345
10.592288042101726
10.54342226968616
11.133591957938327
11.476648071714022
11.301577340488993
11.347025750613955
11.338746307144104
11.224121309500763
11.379947936448641
11.122121686999185
10.80468043848365
10.536570487129795
10.76622699388583
10.418701282448769
11.87132738656562
11.616434007850918
10.865219160656846
10.793493997963227
11.104414784803694
10.940163523113858
11.417016245666268
10.974526450833148
10.466843777898637
10.029237100975987
10.917012460840946
11.451269086329221
11.260626299275994
11.41339452712887
10.652316075500208
10.69598624633043
10.645839084111646
10.926607594067871
10.910050065081576
11.119739550453161
10.418112883777138
10.843038119681138
10.902745253046412
10.772804074183112
10.684677594909616
10.929469001667611
11.201251967923245
11.344816467346435
11.06175661660622
10.575773151210297
10.164667547847047
10.638810603964153
11.523246157332297
9.531010468915682
9.598910354418605
11.352115660052275
