8.277731518258618
8.397002870307942
8.62162295688237
8.608483920554546
8.494305728307202
8.551155926178993
8.087121431296696
7.930894750818864
8.313849512486058
8.413468856051914
8.299071525136517
8.55664479468621
8.573275510450404
8.03708628506472
8.229273789019715
8.517467742511393
8.478330556009842
8.577502986250563
8.704618376820466
8.669685331289166
8.32328171060511
8.6759540304402
8.574309660668224
8.63831588579484
8.26887501483694
8.220986408659957
8.195746087532221
8.56562431852626
8.45086358575284
8.494565860220504
8.102473247218052
8.109739321987991
8.03446007709238
8.291860063831743
8.41638177582515
8.47813140373981
8.650720183571487
8.318682295007779
8.70738022421045
8.399889292342008
8.495037936669892
8.495090000585703
8.588161142444939
8.863210398358206
8.767795932350214
8.672869820130552
8.443509190141956
8.50632693796382
8.574951148786454
8.467105607866044
8.368909588780058
8.270802145529448
8.35329475262334
8.404751402582178
8.561872587490353
8.517088022838092
8.474078646824012
8.129607640471392
7.898320999874384
8.002219370590385
8.378605844407117
8.328219601431439
8.323251193924214
8.662088664953279
8.676175304676894
8.11933735697395
8.511978244373774
8.414515583822899
8.625567387748422
8.195617050761513
8.72469659331468
8.2887769697347
7.985647319301997
8.756632566353728
8.602371550694713
8.235497212763482
8.546198661789433
8.189450453748316
8.487513924373717
8.547595032197188
8.729372736923102
8.488302927895733
7.797459289237507
7.992216455442723
8.650025763556238
8.563460418115222
8.559268501230692
8.493754623480948
8.645717820108509
8.77384188420047
8.641165506386693
8.283379492597184
8.379456905139811
8.451196572519557
8.902660625067778
8.870405023951498
8.619989363787747
8.562292615165902
8.590330870174478
8.517139691319967
8.66303875993966
8.562982507871611
8.294140105086923
8.249693133677523
8.399580052942106
8.630977385135965
8.524457081431617
8.5001474878401
8.495449474015786
8.064093415401096
7.945914601831186
8.41516564385907
8.35755948437264
8.338009640438685
8.42460388403113
8.674282748658639
8.20783653089384
8.303964955485672
8.511371631179358
8.441784940769306
8.545353861405799
8.661462583703688
8.71791250470204
8.335241619470432
8.647581972184119
8.766022359386902
8.57080776622568
8.244746930411749
8.471499100440703
8.180264683053636
8.457780063740099
8.426151635428917
8.400583105686385
8.09465071423557
8.135657531288421
8.158238179984348
8.578314752094284
8.7078108150825
8.662724595072188
8.65628715252902
8.59515370222607
8.71954375965671
8.322264268206844
8.360572025471305
8.509564045023073
8.474208247270582
8.87897684160064
8.775770975511895
8.576825074719336
8.509913140977774
8.5320518825875
8.459219994070182
8.492487871707354
8.435898926271468
8.32337969339205
8.28808417456786
8.440974162114857
8.632962285156507
8.5521968550952
8.485995895555423
8.487568689264817
7.955681910521008
7.75875083406549
8.364875844900748
8.190718085603335
8.047307153229397
8.45805706723527
8.579221131735057
8.048330271073167
8.325057500829523
8.219723139913397
8.304511295857823
8.304933822519983
8.547832484033556
8.471174392607663
8.328032977996525
8.506632862212719
8.145452595122073
8.35326899304176
8.053041695098985
