10.93832056300839
10.93832056300839
10.93832056300839
10.93832056300839
10.93832056300839
10.93832056300839
10.93832056300839
10.93832056300839
10.93832056300839
10.93832056300839
10.886554114274407
10.886554114274407
10.93832056300839
10.93832056300839
10.93832056300839
10.93832056300839
10.93832056300839
10.93832056300839
10.93832056300839
10.93832056300839
10.93832056300839
10.93832056300839
10.93832056300839
10.93832056300839
10.93832056300839
10.93832056300839
10.93832056300839
10.93832056300839
10.93832056300839
10.684849892644076
10.472940845405903
10.709482165526643
11.057421194744926
10.728654640879855
11.1430122023631
10.960292743867893
10.676866446167637
10.717588155239135
10.715761711999892
10.828268789991139
10.828268789991139
10.828268789991139
10.828268789991139
10.828268789991139
10.828268789991139
10.828268789991139
10.828268789991139
10.828268789991139
10.828268789991139
10.828268789991139
10.828268789991139
10.828268789991139
10.828268789991139
10.828268789991139
10.886554114274407
10.886554114274407
10.886554114274407
10.886554114274407
10.886554114274407
10.886554114274407
10.886554114274407
10.886554114274407
10.886554114274407
10.886554114274407
10.886554114274407
10.886554114274407
10.93832056300839
10.93832056300839
10.93832056300839
10.93832056300839
10.93832056300839
10.93832056300839
10.93832056300839
10.93832056300839
10.93832056300839
10.93832056300839
10.93832056300839
10.93832056300839
10.93832056300839
10.93832056300839
10.93832056300839
10.93832056300839
10.93832056300839
10.93832056300839
10.93832056300839
10.93832056300839
10.93832056300839
10.93832056300839
10.93832056300839
10.93832056300839
10.93832056300839
10.93832056300839
10.93832056300839
10.93832056300839
10.93832056300839
10.93832056300839
10.93832056300839
10.93832056300839
10.93832056300839
10.93832056300839
10.886554114274407
10.93832056300839
10.93832056300839
10.93832056300839
10.93832056300839
10.93832056300839
10.93832056300839
10.93832056300839
10.93832056300839
10.93832056300839
10.93832056300839
10.93832056300839
10.93832056300839
10.93832056300839
10.93832056300839
10.93832056300839
10.93832056300839
11.385348714759445
11.491017992723846
11.801261799499771
11.037161537649638
10.648371245811404
10.873663494947655
10.973782328724155
11.11205913802651
10.96952535335929
10.516717257503716
10.5097880851311
9.663381771144412
10.924236730916393
11.397424061752652
11.243652364698141
11.132933179041736
10.743334300950556
10.617081134314473
10.7466299470211
11.050274950821771
10.855312570602065
10.75301082618469
10.394918744364372
10.495174647166742
10.495174647166742
10.495174647166742
10.495174647166742
10.495174647166742
10.495174647166742
10.495174647166742
10.495174647166742
10.495174647166742
10.495174647166742
10.495174647166742
10.495174647166742
10.495174647166742
10.495174647166742
10.495174647166742
10.93832056300839
10.93832056300839
10.93832056300839
10.93832056300839
10.93832056300839
10.93832056300839
10.93832056300839
10.93832056300839
10.93832056300839
10.93832056300839
10.93832056300839
10.93832056300839
10.93832056300839
10.93832056300839
10.93832056300839
10.93832056300839
10.93832056300839
10.93832056300839
10.93832056300839
10.93832056300839
10.93832056300839
10.93832056300839
10.93832056300839
10.93832056300839
10.93832056300839
