11.160630084142813
10.63326075342859
11.459796730110027
9.24795876413449
9.483484727468287
10.919920624093871
10.940918803176682
10.974428016371757
11.41005274295331
10.026200262931605
10.577245332111882
11.486666628510433
11.46608429429253
11.44836939858748
11.198185411479985
11.015372030908251
11.016827793688138
11.38420977255156
10.583840260562447
10.755908898657294
10.609780461892777
10.133849542691413
11.977340116084429
11.543986463732804
10.803382538559287
11.176408707400725
10.917771170105866
11.542587315597588
11.661427129084418
10.518131708702137
9.78119794966666
11.273602009025408
11.038328607335036
11.410129459232424
11.334410159054526
11.395751571385455
11.249537722021016
10.8456338672778
10.99329589092443
11.118910942914045
10.960383192645542
11.19056881626766
10.868066651696408
11.67694772640403
11.240528714550438
11.402624904368002
10.866956889269936
11.019150620385826
11.395190910691596
11.769065377336016
10.834679231139797
11.038285246463715
11.30469742489285
11.05788269596601
10.390645185426092
10.649079524550228
11.222462120328753
10.717519643964602
11.203835330466035
11.272001692484949
11.030662987972574
11.04231383214004
10.897352844354456
11.164733759460091
10.94268992884817
11.414782335017222
10.858604199204597
11.231676052413615
11.157237185008196
11.15819535036328
11.036058353933758
10.772950086213037
10.912528767268746
11.192380338374155
11.27991110109434
11.109856606886359
10.928732284336458
11.317392210916243
11.01683001448346
11.145778668744198
10.927657902716778
11.070419088170032
10.387176575039806
11.037536366814713
11.6940778634587
11.63868679695341
11.639218265177108
10.882760823352756
10.813345454872655
10.756047850375705
11.06058515417504
11.227974011531293
10.652338629282248
11.216442934210132
10.993578726202623
11.590155352988585
11.213422440112733
11.011689513585
11.352811559753652
10.641075904091178
11.405247045657312
11.684086101591308
11.02277265870341
11.010925830922755
11.321561789405067
11.181709613000011
11.300609967590876
11.300609967590876
11.300609967590876
11.300609967590876
11.300609967590876
11.300609967590876
11.300609967590876
11.300609967590876
11.300609967590876
11.300609967590876
11.300609967590876
11.300609967590876
11.300609967590876
11.300609967590876
11.300609967590876
10.93832056300839
10.93832056300839
10.93832056300839
10.93832056300839
10.93832056300839
10.93832056300839
10.93832056300839
10.93832056300839
10.93832056300839
10.93832056300839
10.93832056300839
10.93832056300839
10.93832056300839
10.93832056300839
10.93832056300839
10.93832056300839
10.93832056300839
10.93832056300839
10.93832056300839
10.93832056300839
10.93832056300839
10.93832056300839
10.93832056300839
10.93832056300839
10.93832056300839
10.93832056300839
10.93832056300839
10.93832056300839
10.93832056300839
10.93832056300839
10.93832056300839
10.93832056300839
10.93832056300839
10.93832056300839
10.93832056300839
10.93832056300839
10.93832056300839
10.93832056300839
10.93832056300839
10.97591885289918
10.904807634510284
11.153456358505466
10.347635237488673
10.620242624390455
10.587844458148489
11.312031404374702
11.253616177021668
11.137229078203891
10.968005636094064
11.598654686837765
11.05875381801937
11.302251390097208
10.737544601821607
10.786689610544977
10.567515413548968
10.350124847372662
11.955561484853568
11.235565114828814
10.710380248092195
