13.840853147575316
13.675816680050838
13.681301359485914
13.666321740504081
13.704312400527186
13.435176888166035
13.471296143168704
13.351387713106591
13.43269752948132
12.004535602994112
12.025749594723216
12.121221686738833
13.96469994987409
13.68015437657465
13.66243558974071
13.650588087252004
13.22599652961927
13.363435526891541
13.31776633113999
13.234097405351944
13.204201483890902
12.096711499948555
11.902445241851948
11.997127923502772
11.9857292804453
12.082031887950597
13.544876570926972
13.41961194115588
13.470906659588662
13.308940402335427
13.2921670609536
13.253871746006537
13.128678887877793
13.11265045606308
11.932636167617668
12.03103069748106
12.109487443543191
11.839874364943388
14.109602884820372
14.242856865847806
14.130034507202867
14.136997513395618
14.111152930611402
13.74703389856161
13.74758566750588
13.411764146675008
13.318931412119841
12.197048729367015
11.969665825005706
11.993455442695845
12.062528620548955
13.744830816725152
13.534075992390653
13.654326923561129
13.581678273263428
13.574066847391757
13.642447075872415
13.383600582231308
13.409896907973206
13.320484828831708
12.277205614944318
12.266975033776427
12.281187123946724
12.291460777944566
13.824133000017293
13.781291919741172
13.91896033453352
13.800162136737928
13.482743438000334
13.439648750960545
13.42739689611592
13.41962099780767
13.362789949533804
11.768167585104472
12.045269435460607
12.0546581633813
12.062008353288922
12.175928854007807
14.177156632486518
13.961042172927757
13.960678610501331
13.656344197007773
13.687706964477167
13.613009596121314
13.6352143205214
13.420933604521768
12.163033966375018
12.25153936994518
12.21921451604427
12.172856751664373
13.521691411401886
13.466897635567168
13.680120053048856
13.725130422369753
13.71484963958728
13.62575769122308
13.584014267450378
13.510343785254218
13.408674777847224
12.157100152129116
12.146411653784785
12.375855258776259
12.19338894919593
12.171514000838423
12.031854521866427
13.721406142619005
13.75632859685036
13.589845056485691
13.595618149734008
13.644657567183044
13.666231080566675
13.459889683611825
12.036873000190157
12.209439377397851
12.029951595006402
12.134890950277416
12.055428273783086
12.079023348335838
13.687852896321258
13.588315153466796
13.527034118443515
13.416935468724631
13.397006631791044
13.379761295311162
13.468339928846348
12.125657391929044
12.047931379059683
11.774331818931874
11.836705728563683
13.846719990144317
13.814137040232353
13.829891937764478
13.738839607729963
13.645750697063713
13.532967752607846
13.46018358934723
13.31916808103667
13.327332620820101
13.32495188817261
13.138903337239109
11.734188698612673
12.00780367889261
12.003525309973018
13.55638936238531
13.457732197507916
13.465760858887359
13.375144514893238
13.35603884839788
13.334300609435896
13.393557754614731
13.398339624733017
11.606644965067055
11.586020162943779
11.5929946559004
11.639703950849388
11.621167600400433
14.012275471630906
13.925449175607604
13.96022289575047
13.733363091824328
13.723035857019742
13.53021930707284
13.67089613559792
13.415019205615064
11.872629364845613
12.29817679427145
12.209213091776883
12.199957685229753
13.833387556851893
13.810380512221778
13.779074179827306
13.91762942204184
13.796067309373353
13.749956517094157
13.752377606266627
13.620636080982008
13.624040361901503
11.865995184054416
11.826251054320167
11.805724060617358
