12.159966687227904
12.081769508070748
12.13898360657374
13.757558448810343
13.714399099874383
13.662137825005566
13.418470339866465
13.443573609008963
13.545288816211315
13.430298873759076
12.051178296222947
11.820712900342032
11.987985406749878
11.825554414155294
11.731523466739207
13.876621823621896
13.754732691411581
13.671101015181604
13.548180008509275
13.696657294247949
13.398076684616589
13.478413876053406
13.356632942952197
12.164065342269323
12.511970726249677
12.269475240950591
12.294803282675195
12.23479053952118
13.984507517125842
13.946448720574187
13.812645476606255
13.8600159720937
13.660554851419633
13.543570976933859
13.297302497044294
13.413600254933586
13.311786808446271
11.931574253869176
12.339421637634919
12.330844051962915
12.451171355216808
13.712170291833667
14.070078558939638
13.832099327954047
13.821605886488388
13.569657521199256
13.616003835927692
13.540445869091961
13.369353315838415
12.3568254054182
12.259721612504345
12.278364508565083
12.24075703069603
11.846609692741948
14.013955655356119
13.681586885723087
13.69258327123225
13.624536437299302
13.318446311369549
13.294553135904167
13.3073924705493
13.297060945377266
12.014688217676518
12.078273745363592
12.123167322397276
12.312542558230085
12.368792422966047
13.656364480335666
13.497249605791987
13.25696254962072
13.326911880805648
13.010897469741595
13.029611871894534
12.953273997498945
12.934181334429512
12.188180691600465
12.360524687291328
12.584291840610422
12.237488849295277
12.181338579669283
13.98905823960269
13.769653462957194
13.539996679994479
13.24648608205759
13.376739886333821
13.283785303457705
13.08175655270039
13.100724240395836
11.902824945424433
12.430402615340485
12.24139816376024
12.108410800184513
13.929459420555597
13.80256624600863
13.293601763492578
13.58386902491849
13.408018788292134
13.325581519588505
13.298025477225567
13.279375610790783
13.171309036385221
12.235142683631716
12.225496312205289
12.123890871566147
12.096727081147067
13.799005875871138
13.593327446360266
13.713019894742523
13.453427703235567
13.49497796906516
13.256773326507036
13.268228461546038
13.311504934888047
13.227998651558318
12.085296288215673
12.338550745550718
12.313472134412585
12.384716859593517
13.957619422544171
13.659952071356473
13.582274517827747
13.542396290038385
13.495407153996725
13.250614416170256
13.115084828650314
13.160740774162397
13.05885727350424
12.273131542426553
12.112783847015923
12.119524380472658
12.215987657544595
14.325722692278507
13.982259418659421
13.393170224479741
13.49309555054735
13.378599879339626
12.88664811289364
12.898981554931048
12.821212638143699
12.86937247770937
12.287169240435393
12.18495220874924
12.294918712394718
12.34500777324789
13.899483640785533
14.151827167393165
13.853314078892334
13.624704567520089
13.412955499820267
13.34897318903995
13.355764850912761
13.38496633735163
13.355414013235459
12.270636668891393
12.24366226234832
11.82247946934941
11.877993287267387
13.73375472392472
13.55210783915743
13.344920585307037
13.502022989145694
13.304835137472576
13.129210197000997
13.06189818418833
13.162028478857918
13.12966944166003
12.080077450838697
12.032744179878643
11.78251027453504
11.988363691835499
13.416787423007543
14.142229051867627
13.462841949996212
13.630777813421766
13.70516725422626
13.344906250452448
13.217990357051287
13.283178476565666
13.098378961354298
11.955837383275892
