13.500121160677137
13.499210058520266
13.241417248688599
13.266123772984432
13.25481372931194
13.23292076411085
12.668424328931218
12.327906279674178
12.291111219679845
12.117782762048812
13.88672716847613
13.616272269679913
13.54250993098563
13.513286027482556
13.406117153233247
13.51000294361353
13.20813309798862
13.212086929670543
13.195663672278407
13.20633027276626
11.89893581367899
11.909445399254555
11.905275997800553
11.92159829826124
13.583823089479582
13.620689743418085
13.669183926317425
13.624681660580691
13.393090181477575
13.486435629168836
13.287956080357224
13.199699440600716
11.882084236241273
12.226942549267227
12.526861156290648
12.647033293634472
13.715168867029913
13.591963314228003
13.521913287536643
13.19493276316179
13.283976289324285
13.011735706236335
13.066707657437023
12.96243581722674
13.052445307942438
11.956038504620684
12.456765930661883
12.36428276220586
12.318278581651978
12.544627642931058
13.99889742629307
13.916021198430547
13.83548883276387
13.642080522355627
13.836454901549075
13.54150438900711
13.46681522081508
13.363513234315741
11.661349193917706
11.957237148526366
11.921070426669099
12.04110587176733
13.58870583353081
13.300330855162494
13.349516021313311
13.396475440398772
13.435145547978937
13.09453523895437
13.26064375891098
12.945375555698337
12.895470845226146
12.483424933356734
12.263499021773635
12.170092337150534
12.331019469476926
13.988490269171685
13.925994540193246
13.772157017882256
13.633929343509319
13.372760683041495
13.411812439375634
13.454686158137685
13.366139239530687
13.4863277665263
12.562104042862138
12.071938339655503
12.040370962103426
12.019865109322621
13.913921646264019
13.990970126369474
13.901468486855919
13.903619400335195
13.518299904606065
13.615702943721729
13.54858577526971
13.525860414138066
13.564162031879576
12.560773529878386
12.55340648741259
12.194942703715801
12.105802924171604
13.756361482064397
13.917909057091583
13.954499059070798
13.492246398131169
13.360355758190638
13.32484817513551
13.341351592535027
13.32041423271471
13.257996820037853
13.290867587931224
11.952692655650285
11.746852825396935
11.935040446684836
13.532855966284169
13.724653671758443
13.523365648460697
13.897895452832932
13.55363780985274
13.37158523197397
13.473799642603066
13.322867336634802
13.25497453379006
12.162002751626412
12.290003094659577
12.30847635938077
12.242846435704509
13.834139007107566
13.784351626515125
13.790040223410589
13.847211293707955
13.77237462235619
13.596950913905054
13.529829197479144
13.50703951118353
13.526059245903227
12.0343736157119
12.116902668151448
12.07470553051897
12.47546407721328
14.000183401730371
13.816937555162426
13.689391496816121
13.50520927895511
13.287082971375721
13.29649631562913
13.31455299175947
13.173610219564994
13.26692273323718
12.26066235785409
12.49614472341818
12.515036753424326
12.300861117303711
13.673269928014745
13.598924888298232
13.313677794670541
13.557412304971725
13.24023073225765
13.265505742924177
13.290570070396733
13.22127612588426
13.190249570120884
11.697670948967858
11.474459694926479
11.648480484332907
11.777787762189616
14.100994206199218
13.4954013263885
13.322377260515568
13.470477760855845
13.374790760638277
13.228390914450225
13.133051281249003
13.216992886697904
13.24832656333664
12.030375224211149
12.131879603246842
12.157763411002621
12.25381769247013
13.534403015793762
