14.172158785811511
14.17279843475387
13.827534448058431
13.792104627377697
13.748054109419597
13.685273987136307
13.702887727370324
13.744308061708113
13.63445035606827
13.628760784444276
13.486137487398226
13.56734602882488
13.474056661292057
13.472624906037048
11.915064881374203
11.896845697410336
11.90924715206395
11.832541549969553
11.870576564779345
12.104580515265184
14.165579373809761
14.158833721074712
14.180444280566693
14.162888325792128
14.199438677426341
14.0416200859776
13.994005966996996
13.941842330378133
13.91874967409466
11.777755363962514
11.754387836691723
11.751410329535283
11.762594976573011
11.832145071280838
13.955430780471419
13.966899525046903
13.935543900995354
13.908440230672241
13.857733876991462
13.736573011971377
13.784009771765843
13.77345224912047
13.705820509034464
12.48474912902761
12.48789084863063
12.478755560047894
12.048213325338912
12.058415034368943
12.02614394837098
13.416321506315853
13.411633998236066
14.246557991265346
14.242364121750578
14.23485310476291
14.020780690204374
14.02063655606553
14.02234958419027
13.939824930625042
12.130436472841565
12.276970641056733
12.28986603056796
12.3097959927588
12.214818547769111
13.724751089040895
13.820869197712826
13.807660444672559
13.719687014722346
13.69854475775215
13.584792751427164
13.571978022866064
13.572214667005303
13.435388806931215
13.475389220688129
12.075614031506504
12.105352777200723
12.083751469770542
12.057915893961816
12.01727203849069
11.877917827977042
13.889817679141286
13.82652986911429
13.674661984783848
13.646893282441365
13.713284198846146
13.701835313943313
13.634531743131646
13.63683313776547
11.772877342480284
11.764605109339968
11.86727167403701
11.833848087387878
11.835047419580393
12.00850663122102
13.807036431721304
13.789176523257346
13.823443632514026
13.73233981307376
13.748248498174826
13.766938181068117
13.892070996794207
13.883825382745995
13.74625549522599
13.749095786997598
11.842748833427404
11.81721157322218
11.792131789363074
11.806038627980953
11.806805015116025
11.776237442524184
13.523900868803823
14.074859285546111
14.379028590181777
14.441598796345623
14.449075501984849
14.054943755615449
14.115103589313161
14.083526019514013
14.01360434084104
11.940409467294922
12.045807814752663
12.060453349755177
12.085022331480817
12.203672025907265
13.573914725564691
13.56470781363889
13.481003258511175
13.49334038506806
13.619225062649836
13.47977158340785
13.43035035413005
13.4358121644485
13.44511919655993
13.402058513491907
13.468880525138113
13.467312962153224
11.700281728579496
11.710522782103016
11.700612616251531
12.242450357857612
13.594553448989851
13.635335282881197
13.642553695496254
13.61979249079175
13.648929308189313
13.630507922622801
14.161196371274329
14.171499350419808
14.038941393694344
14.040426567982587
14.044019480170173
13.992278481271422
13.888386377803352
13.880132021112688
13.905559270125874
11.985013652598662
12.004568754295642
11.983746118799974
12.492546060850055
12.505581223818579
12.504890485833752
12.502102131202566
13.614998098710872
13.736255860519046
13.933331793968335
13.889683772143227
13.87813519363951
13.9160346130166
13.89865675206165
13.898980069901828
13.759801748086948
13.732856150110374
13.607641882567393
13.675235909575186
13.707775951500818
13.693135433872175
13.705490104368133
13.686043230214857
13.691906736972523
13.697643813401609
13.688593370335356
