12.296906425041971
13.979566869214352
13.861139321131411
13.741351743269925
13.365561541308727
13.070091442775583
13.113657206406778
13.290829971439994
13.375452825444569
13.299338721975728
12.013354071198624
12.307999026780328
12.242729985431671
12.239545796187395
12.098060799340717
13.64419308844376
13.170766449359899
13.330597333390369
13.095280218769938
13.031496554244073
13.033978246868704
13.1036772271882
13.116043081715294
13.114802273791218
12.114072355400287
12.224749044704037
11.972400672366568
14.07989065792562
13.717723217591548
13.326893813587834
13.234983093926644
12.99255721976637
13.017370354179691
13.032945528760465
13.031924618294203
12.927154803839958
12.317510464239227
12.165381627729186
12.21328547814543
12.196922930664577
13.596379276023136
14.039677024941874
13.678096168674331
13.911358316189244
13.579911405018516
13.600630634489644
13.646410871486905
13.587624276218516
12.478665439268177
12.32991635626774
12.808157497963897
12.630395662691928
12.708264228702916
14.017187647631182
13.641058355016805
13.525844240593095
13.547705386242049
13.35403838878491
13.350624981381854
13.382490071464897
13.352017309848172
12.417316641422124
12.1865441682594
12.120919235344296
11.818214319227332
11.805033453988676
14.067465282450565
13.85489205624743
13.668425060334927
13.547465040770412
13.440544903697225
13.43788836838906
13.322720967793487
13.241993767918405
12.38934025266807
12.58957469537042
12.807517661428008
12.55707343250074
12.569357941667397
13.81886757335892
13.724947510881034
13.572194572760997
13.486976183806398
13.271475146666065
13.293970811345327
13.253616719602306
13.246920600718948
12.232510326502782
12.374328622927464
12.077207909864235
12.223322213257513
13.946602531106281
14.164341506757104
13.596685510465537
13.534620843590904
13.356359928442503
13.185435657865973
13.093783026263964
13.259758758100856
13.168060264775793
12.118551702849986
12.643080951582935
12.339613461118557
12.327962890518855
13.928187190583792
13.681282480770074
13.4978533561112
13.397041400993535
13.09030245904248
13.147380344291799
13.13232998650873
13.17243957076302
13.070246242157653
12.491318790681644
12.345360339435226
12.49631151844926
12.315411773105902
13.73352680807259
13.57762183101277
13.610841946418574
13.542003851229856
13.365338913725628
13.280412980246474
13.33011371633109
13.382962337974462
13.396932154844823
12.26157808815203
12.266870298069014
12.583114652983399
12.305245069933243
14.236396376956156
14.065750106899005
13.892850716966608
13.652526280153092
13.450756157966334
13.415144867164786
13.492423408064822
13.493089793022422
13.422481360132645
12.56278247067674
12.519040909556855
12.430374612752733
12.459751687230884
14.257042464051185
14.128174066668455
13.78786318709574
13.869925137560722
13.354983566056676
13.415657029835868
13.424409402713293
13.339758922504894
12.347236437522412
12.277089684027672
11.978806851270523
12.079585488665233
11.987371323880213
13.265990782258097
13.224093252672283
13.326429888721227
13.275049233200694
13.168319044329692
13.181654911773732
13.213990614679334
13.149237458795458
12.52872632574497
12.587058961600443
12.519477743108906
12.292710359565097
12.1363811655077
13.871277995657517
13.735039414006252
13.61013429403391
13.626641599624959
13.476919700151266
13.461040439197385
13.476991880966612
13.35156322212227
12.38784988981097
12.732019368742373
12.911332598831049
