11.242813196056987
11.284653954829535
11.332084363429992
13.374739255657303
13.137651380445494
12.83522063191249
12.854173519750887
12.662092293348614
12.701179058393246
12.737575082069315
12.624959419160708
11.316324988722263
11.536118777075872
11.488377222032389
11.42409250400302
11.234649000708337
13.173944321844886
13.002950941201288
12.728823523096809
12.593395620598827
12.445573635821866
12.532871328482232
12.590872930194566
12.577734448902133
11.046638220446336
11.61785325463517
11.502966573671845
11.407519588443819
11.243017486510782
13.484447578889144
13.17477274888366
13.03520335825665
13.127952560575308
12.903702408992
12.886109338039091
12.76943818438233
12.784418743905524
11.245290398474252
11.420236492658924
11.144300788923353
11.447586730183422
11.250969446330862
13.413918335804473
13.370822500532057
13.144638818595206
13.04743218691613
12.9778324404654
12.966054002975026
12.812201759230279
12.864373946745825
11.627050773385802
11.624291884779932
11.588380686055345
11.465478774168995
13.310679256035673
13.21857459368004
13.261124149065012
13.085205394652945
13.120766657636265
13.022720235578356
13.06484317282992
13.01207490817548
13.088144920909265
11.19653257244753
11.343685400373204
11.354076239781941
11.43366617362493
13.469252239342676
12.896340956949603
12.780805831477076
12.662557850121889
12.558488109460557
12.49520642042183
12.45000960640083
12.397190447535218
12.462409491073846
11.12544425412059
10.945621403699379
10.908022850138778
10.968341563078297
13.21835273353923
13.00309543961569
12.963594796034942
12.910803412790717
12.876186527348924
12.720337943434336
12.68959808583932
12.693329241608447
12.802516260174237
11.177001694965432
11.360603738514987
11.124953766505632
11.20375388996039
13.109632525910486
13.04703374147739
12.906703684823741
12.95755138505655
12.963241129117097
12.695473790990556
12.709257961432582
12.684536221256245
12.736004036328474
11.340441867060415
11.020050154460359
11.167767659094288
11.164258077417045
13.645504299152691
13.717205889497254
13.845895217518096
13.372731460003758
13.25585844148861
13.210725514400824
12.997256100137994
12.951003305419077
12.984069003881723
11.295328696344411
11.250212719770785
11.205826807577376
11.263039441803675
13.344901451101508
13.210526907198718
13.203662486641303
13.23361957678686
13.180115447997995
13.149776132096362
13.034052757063758
13.005527229619396
13.002130450443715
11.638970163186215
11.364746942937169
11.16863578763368
11.053434472759132
13.675572487806065
13.778198117434698
13.195454464652142
13.063904594445967
13.03798381457482
13.118026717227664
12.862741451693587
12.886562854185154
12.781981478080306
11.605263801328208
11.731042972566314
11.652946006858398
11.644643350324252
13.702718821688997
13.379475472661172
13.183733901965867
13.06821488090661
13.053350366276865
12.990637527760521
12.990303514134641
12.955572189350647
12.905664945850301
11.502223666282749
11.435059932928448
11.586964232948535
11.782968072060045
11.543869574342624
13.055896331647933
13.086386498276967
12.904191659031252
12.891486934112818
12.808787570136726
12.807117680592238
12.853728082923846
12.882352732317203
11.448526658825584
11.295375145274136
11.28982094169
11.389205232093031
11.11473418883429
13.406803801478516
13.227661820772994
13.158663123415513
13.061150099629874
13.03526254036622
12.963456965812608
12.932374265863684
12.846949636867357
