11.572377759028036
14.879775298332886
14.98252898367513
14.979718380310098
14.978122039311634
14.83275486620971
14.828337078827673
14.828375440043649
14.828362649546866
11.55374477735537
11.515247950358797
11.508391948091784
11.50878963873624
11.50878963873624
15.150918681258101
15.161581622522627
15.188375346161592
15.188375346161592
15.095735395299725
15.091500921382142
15.0916970312549
15.0916970312549
11.473602415145537
11.471453407893913
11.473828729724096
11.475825164017987
11.475825164017987
15.14384339909719
15.247269847507205
15.247756415876905
15.247756415876905
15.064924862117755
15.065349102282049
15.065246659570183
15.065257035520716
11.575838860466872
11.562546479472907
11.539314953627603
11.538003923640918
11.538003923640918
15.102333750445178
15.247290320502751
15.239011146323843
15.225960353550885
15.227767926872943
15.230550229772177
15.21850348630187
15.23073900304075
11.587676114997267
11.584991377336186
11.602166350089915
11.601935412041595
11.601935412041595
15.23874519144131
15.378169624929868
15.370987703580365
15.371276981757768
15.178478477286783
15.193466015290975
15.193471013060796
15.193593881788637
11.5715017451766
11.54119088660959
11.535271309148252
11.539673389012505
11.539673389012505
14.824349294874317
14.958307531066213
14.953416351264714
14.933571418609105
14.798192506453853
14.801966085907377
14.78486151139397
14.80186620392886
14.784825657537507
11.53616660526229
11.628151457313642
11.624323578605358
11.624140124129712
15.368496349973402
15.379417906616403
15.37936316906136
15.37936316906136
15.145374047403271
15.142413451445867
15.142367469593388
15.142370095780114
15.142370095780114
11.60616412358356
11.62322205405134
11.620615334772488
11.622568464753144
15.198334144182041
15.194161876384483
15.194362686502854
15.194518405204205
15.037714670876984
15.035270633783224
15.035301656972402
15.035277895013188
15.035277895013188
11.51486999587907
11.51106688775396
11.50854167721533
11.509234642524406
15.356590946197615
15.357013554619739
15.357342534436626
15.357333946887952
15.075064831790373
15.074822736381744
15.075063081004416
15.075063081004416
15.075063081004416
11.549565383155612
11.562083306253362
11.524216933085869
11.525109941294838
15.175706946413499
15.314420187424647
15.310043865539622
15.298193268657968
15.312697357321156
15.073691328838766
15.073691328838766
15.08547094640441
15.08544877111596
15.08544877111596
11.56758971057013
11.57082093791511
11.572689839085792
11.572689839085792
15.275007438928807
15.27931637711326
15.278722091527351
15.278722091527351
15.278722091527351
15.162885129953567
15.178515588056142
15.178086961372461
15.178086961372461
11.571542410843563
11.554418960587222
11.544242738749377
11.545152628011053
15.037011468319847
15.204794965250336
15.200250660034166
15.20291733838687
14.969323078106243
14.982658501094745
14.9690410585263
14.9690410585263
14.982632524220744
11.48795746237189
11.471013775064625
11.472179303979091
11.475663939175965
15.393786713264785
15.381862752400641
15.367451789211524
15.382441332483017
15.32228527427203
15.322260019387766
15.336936637583733
15.322260019387766
11.67599980781199
11.681033169203609
11.676872351043398
11.675164458127155
11.675164458127155
15.179639008645909
15.161285571613355
15.157079653650698
15.158263738790737
14.92038094656182
14.934958368339926
14.93504688157399
14.935165790315285
11.572815201531208
11.572189501160146
11.57812003176999
11.57812003176999
15.091669170176699
15.201233730188395
15.174944675564332
15.192559091283208
15.17486525930084
15.044672945932566
15.01354170047701
15.013473748034334
15.030044394266934
11.573654699979722
11.574150753258632
11.573629977262899
11.573629977262899
15.25244218075221
15.313784936970034
15.316176625898514
15.312959072917744
15.312959072917744
15.117256727886959
15.11724272510943
15.11724374331227
15.11724374331227
11.61426873917866
11.634833114095036
11.613429412989817
11.611151615727392
15.19616237199366
15.301084525626987
15.296040677982637
15.296054721460235
15.093614438192075
15.0933302901735
15.093309894235952
15.093309894235952
15.093309894235952
11.634383538223181
11.653638710029593
11.639494127238931
11.64061523181246
15.132792282965342
15.150383816448992
15.151635588845384
15.155277756502842
15.137700782485787
15.137716329601128
15.137917738220793
15.137917738220793
15.137917738220793
11.629280358307566
11.611560491021075
11.612295814287526
11.612295814287526
11.612295814287526
15.299738415301187
15.291012749840627
15.268130026853479
15.286919952712836
14.991181880534178
15.00314076061813
14.991423834620255
15.00314076061813
11.577790333895543
11.576037577771915
11.573865942068062
11.573428841555822
15.09253731038417
15.111491005836355
15.117778166575578
15.116034669814939
15.116034669814939
15.068934410764964
15.068812515761369
15.068812515761369
15.068812515761369
11.558598843976783
11.6309176355092
11.618941946417984
11.618732833725284
11.618732833725284
15.04110288172521
15.173553352947758
15.178623836615955
15.174982150557897
14.936130651216816
14.93617029336056
14.936257925813958
14.936257925813958
11.58444415695857
11.586708532989004
11.587561359144736
11.58727001853715
11.58727001853715
15.063043419390675
15.04675474585728
15.06371669096215
15.06371669096215
15.01456819743368
15.010938804823665
15.027079100489187
15.011183534920548
11.615724653655677
11.665860928055016
11.66598781695676
11.666021617487251
11.665232041894786
15.199804388423583
15.328385237550629
15.331206432430033
15.315662089363741
15.03454439571099
15.029061789339714
15.044681499317587
15.029301451710772
11.567091952021705
11.574492594774918
11.573845303367785
11.573845303367785
11.573845303367785
15.29930885006652
15.367896336837699
15.35553411479679
15.369066414001033
15.146460493815265
15.139058244487277
15.15204672771514
15.139240113780259
11.644726797875038
11.696793457677913
11.703402325715736
11.70369051519597
15.123836208902842
15.173149253940384
15.166055220045484
15.166770190274374
15.114956412353687
14.87484436555104
14.893110583932634
14.893546934554882
14.89355019032322
11.669520498306463
11.63726175012894
11.637834395642825
11.635871025991527
11.635725292998536
15.186858568527756
15.283651926940385
15.287240334745174
15.287139831682014
15.065299626255632
15.069367616780394
15.06917233652275
15.069153375684746
11.486405334587383
11.530416529445633
11.521825603951246
11.525218529431312
11.524067740151148
15.159882515438174
15.168768152304562
15.171863057758598
15.170779251438715
15.136500730869118
15.135562166068908
15.135578048755768
15.13574896027114
11.623326695697545
11.608253730250956
11.610688416479128
11.610196510537587
14.955989457626096
15.108862371840173
15.113276416114642
15.120232342136314
15.120232342136314
14.875166293368286
14.897436134041508
14.897145087063047
14.897145087063047
11.505394935335751
11.462229794714492
11.463964041279075
11.46609785322001
14.968821799084237
15.072512684026862
15.071124931262363
15.07270053734281
15.072617849225704
15.049585040365784
15.049248596048658
15.049477481562551
15.049477481562551
11.661799918873701
11.734029687079682
11.728773823264868
11.724547770408114
15.202850127352297
15.401370973159423
15.395425793696083
15.394274268039757
15.392566668776514
15.108436894308726
15.122031075476421
15.121996713675873
15.121996713675873
11.579989139437139
11.582925724117809
11.582451191309152
11.582582814302521
15.287099549536244
15.283376227860876
15.260783069759878
15.278312771980357
15.262528547623537
15.022237857890412
15.037564979796464
15.022268668461878
15.022268668461878
11.577600892281524
11.652904588551129
11.66713257085366
11.667060100831492
11.667060100831492
15.110849971455643
15.189121982619172
15.187865859764681
15.189045116460836
14.9379421621768
14.938319275217918
14.938324660231093
14.938324660231093
11.59685687466846
11.547244695447633
11.554857660520018
11.556093288131859
11.55502580436395
15.017238154796738
15.09778098429511
15.097894790562014
15.103995827605056
14.91071177502772
14.899985398123388
14.899627235452796
14.899812540500223
14.899812540500223
11.599414820322226
11.58392527629937
11.592763672350165
11.592763672350165
15.19202737399972
15.199261003122064
15.196126567804802
15.195506289842264
15.195506289842264
14.943048944360001
14.942842444740247
14.942842444740247
14.942842444740247
11.643186868741202
11.634872551877777
11.635228530823454
11.634952975835237
14.91125427072298
15.08123430557706
15.076403876420835
15.0814050482857
14.864628787368424
14.874561599526036
14.874475954225666
14.874475954225666
14.874475954225666
11.557584308365135
11.589069894495161
11.589599644037365
11.590569766493138
15.261042475252909
15.32720209945654
15.325175720074864
15.324470045935481
15.237158219613075
15.24307610506157
15.243806884088828
15.243349201844666
15.243349201844666
11.547931140902227
11.548357410664925
11.546861559474678
11.547635920802174
15.16074367744779
15.26524776523407
15.252760039045452
15.267171477788281
15.11998426552847
15.111916940823965
15.125367460988967
15.125353719735575
15.111661167108611
11.654981241109864
11.643652107231299
11.646856869396292
11.645722484187976
15.054203094897051
15.185351437031327
15.174328123364143
15.15364688901499
15.135232413479363
15.121305474061012
15.121253683116578
15.13489599859301
15.121253683116578
11.569667265667071
11.631895881476916
11.631337880651513
11.628119775371703
15.221503875535957
15.390548688921754
15.382766492574476
15.380299355155996
15.1772331381805
15.177273462647264
15.177264364890165
15.177264364890165
15.177264364890165
11.587094386729962
11.588578459483427
11.589059461068773
11.589059461068773
15.177275562045493
15.154367089164648
15.16901507080754
15.154582595551455
14.989071940122123
15.011481698185255
14.998259654547345
15.011532305115777
14.99821003418838
11.592237999318655
11.67812587129453
11.676144429679471
11.676144429679471
15.136621186045318
15.129607049309662
15.135930363684833
15.13659417564971
15.13659417564971
14.917977105485292
14.917995370558858
14.917995370558858
14.917995370558858
11.609540582510006
11.638186053221938
11.624132368516573
11.627690772959404
15.152936240498867
15.143211754894407
15.153848790379595
15.140657274977622
15.153361032315933
14.954883362095702
14.944113770981591
14.955059606454554
14.955059606454554
11.599154616173061
11.582451056804397
11.59733907709693
11.599300741178192
15.210916444726802
15.195459010600183
15.20435396417412
15.207988409861336
15.2079921316037
15.117500403553272
15.136987943690443
15.134995487068517
15.135314933826601
11.643351070422005
11.656046407825306
11.658847619777129
11.657970641605377
11.657970641605377
15.208843761290172
15.211706172679369
15.210444432680985
15.210444432680985
14.994793467822634
15.000191274600398
14.999915619152514
14.999891856700522
11.574577114021666
11.577022987521447
11.576955839963007
11.576955839963007
11.576955839963007
15.103664214662611
14.689884112244838
14.652374676517455
14.686502709501799
14.552811232571838
14.576362266600873
15.078263353450728
15.094329172616883
15.078263353450728
11.710844171439886
11.716027701849661
11.712654615471669
11.712654615471669
15.273782692142431
15.290423282283616
15.288528335566305
15.28895450014437
15.020281755818573
15.020316964514244
15.020477471246418
15.020477471246418
15.020477471246418
11.544405209932696
11.549021899896891
11.555973791232512
